100000,1,10001,3.3,1
100001,1,10001,3.3,1
100001,2,10002,13.76,2
100002,1,10002,13.76,1
100002,3,10004,12.77,1
100002,2,10003,11.76,3
100003,1,10004,12.77,1
100004,1,10004,12.77,5
100004,2,10005,18.47,1
100005,1,10005,18.47,1
100005,3,10007,3.8,1
100005,2,10006,5.24,2
100006,1,10007,3.8,3
100007,1,10007,3.8,1
100007,2,10008,4.04,1
100008,1,10008,4.04,5
100008,2,10009,3.47,1
100008,3,10010,14.4,1
100009,1,10010,14.4,2
100010,1,10010,14.4,1
100010,2,10011,65.83,3
100011,1,10011,65.83,1
100011,2,10012,6.38,1
100011,3,10013,14.42,5
100012,1,10013,14.42,1
100013,1,10013,14.42,1
100013,2,10014,6.1,2
100014,1,10014,6.1,1
100014,3,10016,7.79,1
100014,2,10015,5.19,3
100015,1,10016,7.79,1
100016,1,10016,7.79,5
100016,2,10017,21.31,1
100017,1,10017,21.31,1
100017,3,10019,6.89,1
100017,2,10018,2.07,2
100018,1,10019,6.89,3
100019,1,10019,6.89,1
100019,2,10020,4.24,1
100020,1,10020,4.24,5
100020,2,10021,6.37,1
100020,3,10022,7.04,1
100021,1,10022,7.04,2
100022,1,10022,7.04,1
100022,2,10023,5.69,3
100023,1,10023,5.69,1
100023,2,10024,4.16,1
100023,3,10025,5.87,5
100024,1,10025,5.87,1
100025,1,10025,5.87,1
100025,2,10026,2.63,2
100026,1,10026,2.63,1
100026,3,10028,7.11,1
100026,2,10027,3.23,3
100027,1,10028,7.11,1
100028,1,10028,7.11,5
100028,2,10029,7.35,1
100029,1,10029,7.35,1
100029,3,10031,4.52,1
100029,2,10030,5.2,2
100030,1,10031,4.52,3
100031,1,10031,4.52,1
100031,2,10032,2.54,1
100032,1,10032,2.54,5
100032,2,10033,1.51,1
100032,3,10034,21.36,1
100033,1,10034,21.36,2
100034,1,10034,21.36,1
100034,2,10035,52.78,3
100035,1,10035,52.78,1
100035,2,10036,8.03,1
100035,3,10037,25.05,5
100036,1,10037,25.05,1
100037,1,10037,25.05,1
100037,2,10038,32.54,2
100038,1,10038,32.54,1
100038,3,10040,8.54,1
100038,2,10039,29.64,3
100039,1,10040,8.54,1
100040,1,10040,8.54,5
100040,2,10041,10.58,1
100041,1,10041,10.58,1
100041,3,10043,26.99,1
100041,2,10042,28.04,2
100042,1,10043,26.99,3
100043,1,10043,26.99,1
100043,2,10044,30.91,1
100044,1,10044,30.91,5
100044,2,10045,7.72,1
100044,3,10046,4.56,1
100045,1,10046,4.56,2
100046,1,10046,4.56,1
100046,2,10047,59.8,3
100047,1,10047,59.8,1
100047,2,10048,44.2,1
100047,3,10049,26.39,5
100048,1,10049,26.39,1
100049,1,10049,26.39,1
100049,2,10050,5.62,2
100050,1,10050,5.62,1
100050,3,10052,9.14,1
100050,2,10051,4.8,3
100051,1,10052,9.14,1
100052,1,10052,9.14,5
100052,2,10053,5.11,1
100053,1,10053,5.11,1
100053,3,10055,8.48,1
100053,2,10054,14.06,2
100054,1,10055,8.48,3
100055,1,10055,8.48,1
100055,2,10056,1.83,1
100056,1,10056,1.83,5
100056,2,10057,12.94,1
100056,3,10058,3.15,1
100057,1,10058,3.15,2
100058,1,10058,3.15,1
100058,2,10059,3.88,3
100059,1,10059,3.88,1
100059,2,10060,6.23,1
100059,3,10061,2.58,5
100060,1,10061,2.58,1
100061,1,10061,2.58,1
100061,2,10062,2.43,2
100062,1,10062,2.43,1
100062,3,10064,4.99,1
100062,2,10063,3.83,3
100063,1,10064,4.99,1
100064,1,10064,4.99,5
100064,2,10065,3.04,1
100065,1,10065,3.04,1
100065,3,10067,6.5,1
100065,2,10066,1.26,2
100066,1,10067,6.5,3
100067,1,10067,6.5,1
100067,2,10068,7.44,1
100068,1,10068,7.44,5
100068,2,10069,8.04,1
100068,3,10070,11.98,1
100069,1,10070,11.98,2
100070,1,10070,11.98,1
100070,2,10071,11.98,3
100071,1,10071,11.98,1
100071,2,10001,3.3,1
100071,3,10002,13.76,5
100072,1,10002,13.76,1
100073,1,10002,13.76,1
100073,2,10003,11.76,2
100074,1,10003,11.76,1
100074,3,10005,18.47,1
100074,2,10004,12.77,3
100075,1,10005,18.47,1
100076,1,10005,18.47,5
100076,2,10006,5.24,1
100077,1,10006,5.24,1
100077,3,10008,4.04,1
100077,2,10007,3.8,2
100078,1,10008,4.04,3
100079,1,10008,4.04,1
100079,2,10009,3.47,1
100080,1,10009,3.47,5
100080,2,10010,14.4,1
100080,3,10011,65.83,1
100081,1,10011,65.83,2
100082,1,10011,65.83,1
100082,2,10012,6.38,3
100083,1,10012,6.38,1
100083,2,10013,14.42,1
100083,3,10014,6.1,5
100084,1,10014,6.1,1
100085,1,10014,6.1,1
100085,2,10015,5.19,2
100086,1,10015,5.19,1
100086,3,10017,21.31,1
100086,2,10016,7.79,3
100087,1,10017,21.31,1
100088,1,10017,21.31,5
100088,2,10018,2.07,1
100089,1,10018,2.07,1
100089,3,10020,4.24,1
100089,2,10019,6.89,2
100090,1,10020,4.24,3
100091,1,10020,4.24,1
100091,2,10021,6.37,1
100092,1,10021,6.37,5
100092,2,10022,7.04,1
100092,3,10023,5.69,1
100093,1,10023,5.69,2
100094,1,10023,5.69,1
100094,2,10024,4.16,3
100095,1,10024,4.16,1
100095,2,10025,5.87,1
100095,3,10026,2.63,5
100096,1,10026,2.63,1
100097,1,10026,2.63,1
100097,2,10027,3.23,2
100098,1,10027,3.23,1
100098,3,10029,7.35,1
100098,2,10028,7.11,3
100099,1,10029,7.35,1
100100,1,10029,7.35,5
100100,2,10030,5.2,1
100101,1,10030,5.2,1
100101,3,10032,2.54,1
100101,2,10031,4.52,2
100102,1,10032,2.54,3
100103,1,10032,2.54,1
100103,2,10033,1.51,1
100104,1,10033,1.51,5
100104,2,10034,21.36,1
100104,3,10035,52.78,1
100105,1,10035,52.78,2
100106,1,10035,52.78,1
100106,2,10036,8.03,3
100107,1,10036,8.03,1
100107,2,10037,25.05,1
100107,3,10038,32.54,5
100108,1,10038,32.54,1
100109,1,10038,32.54,1
100109,2,10039,29.64,2
100110,1,10039,29.64,1
100110,3,10041,10.58,1
100110,2,10040,8.54,3
100111,1,10041,10.58,1
100112,1,10041,10.58,5
100112,2,10042,28.04,1
100113,1,10042,28.04,1
100113,3,10044,30.91,1
100113,2,10043,26.99,2
100114,1,10044,30.91,3
100115,1,10044,30.91,1
100115,2,10045,7.72,1
100116,1,10045,7.72,5
100116,2,10046,4.56,1
100116,3,10047,59.8,1
100117,1,10047,59.8,2
100118,1,10047,59.8,1
100118,2,10048,44.2,3
100119,1,10048,44.2,1
100119,2,10049,26.39,1
100119,3,10050,5.62,5
100120,1,10050,5.62,1
100121,1,10050,5.62,1
100121,2,10051,4.8,2
100122,1,10051,4.8,1
100122,3,10053,5.11,1
100122,2,10052,9.14,3
100123,1,10053,5.11,1
100124,1,10053,5.11,5
100124,2,10054,14.06,1
100125,1,10054,14.06,1
100125,3,10056,1.83,1
100125,2,10055,8.48,2
100126,1,10056,1.83,3
100127,1,10056,1.83,1
100127,2,10057,12.94,1
100128,1,10057,12.94,5
100128,2,10058,3.15,1
100128,3,10059,3.88,1
100129,1,10059,3.88,2
100130,1,10059,3.88,1
100130,2,10060,6.23,3
100131,1,10060,6.23,1
100131,2,10061,2.58,1
100131,3,10062,2.43,5
100132,1,10062,2.43,1
100133,1,10062,2.43,1
100133,2,10063,3.83,2
100134,1,10063,3.83,1
100134,3,10065,3.04,1
100134,2,10064,4.99,3
100135,1,10065,3.04,1
100136,1,10065,3.04,5
100136,2,10066,1.26,1
100137,1,10066,1.26,1
100137,3,10068,7.44,1
100137,2,10067,6.5,2
100138,1,10068,7.44,3
100139,1,10068,7.44,1
100139,2,10069,8.04,1
100140,1,10069,8.04,5
100140,2,10070,11.98,1
100140,3,10071,11.98,1
100141,1,10071,11.98,2
100142,1,10071,11.98,1
100142,2,10001,3.3,3
100143,1,10001,3.3,1
100143,2,10002,13.76,1
100143,3,10003,11.76,5
100144,1,10003,11.76,1
100145,1,10003,11.76,1
100145,2,10004,12.77,2
100146,1,10004,12.77,1
100146,3,10006,5.24,1
100146,2,10005,18.47,3
100147,1,10006,5.24,1
100148,1,10006,5.24,5
100148,2,10007,3.8,1
100149,1,10007,3.8,1
100149,3,10009,3.47,1
100149,2,10008,4.04,2
100150,1,10009,3.47,3
100151,1,10009,3.47,1
100151,2,10010,14.4,1
100152,1,10010,14.4,5
100152,2,10011,65.83,1
100152,3,10012,6.38,1
100153,1,10012,6.38,2
100154,1,10012,6.38,1
100154,2,10013,14.42,3
100155,1,10013,14.42,1
100155,2,10014,6.1,1
100155,3,10015,5.19,5
100156,1,10015,5.19,1
100157,1,10015,5.19,1
100157,2,10016,7.79,2
100158,1,10016,7.79,1
100158,3,10018,2.07,1
100158,2,10017,21.31,3
100159,1,10018,2.07,1
100160,1,10018,2.07,5
100160,2,10019,6.89,1
100161,1,10019,6.89,1
100161,3,10021,6.37,1
100161,2,10020,4.24,2
100162,1,10021,6.37,3
100163,1,10021,6.37,1
100163,2,10022,7.04,1
100164,1,10022,7.04,5
100164,2,10023,5.69,1
100164,3,10024,4.16,1
100165,1,10024,4.16,2
100166,1,10024,4.16,1
100166,2,10025,5.87,3
100167,1,10025,5.87,1
100167,2,10026,2.63,1
100167,3,10027,3.23,5
100168,1,10027,3.23,1
100169,1,10027,3.23,1
100169,2,10028,7.11,2
100170,1,10028,7.11,1
100170,3,10030,5.2,1
100170,2,10029,7.35,3
100171,1,10030,5.2,1
100172,1,10030,5.2,5
100172,2,10031,4.52,1
100173,1,10031,4.52,1
100173,3,10033,1.51,1
100173,2,10032,2.54,2
100174,1,10033,1.51,3
100175,1,10033,1.51,1
100175,2,10034,21.36,1
100176,1,10034,21.36,5
100176,2,10035,52.78,1
100176,3,10036,8.03,1
100177,1,10036,8.03,2
100178,1,10036,8.03,1
100178,2,10037,25.05,3
100179,1,10037,25.05,1
100179,2,10038,32.54,1
100179,3,10039,29.64,5
100180,1,10039,29.64,1
100181,1,10039,29.64,1
100181,2,10040,8.54,2
100182,1,10040,8.54,1
100182,3,10042,28.04,1
100182,2,10041,10.58,3
100183,1,10042,28.04,1
100184,1,10042,28.04,5
100184,2,10043,26.99,1
100185,1,10043,26.99,1
100185,3,10045,7.72,1
100185,2,10044,30.91,2
100186,1,10045,7.72,3
100187,1,10045,7.72,1
100187,2,10046,4.56,1
100188,1,10046,4.56,5
100188,2,10047,59.8,1
100188,3,10048,44.2,1
100189,1,10048,44.2,2
100190,1,10048,44.2,1
100190,2,10049,26.39,3
100191,1,10049,26.39,1
100191,2,10050,5.62,1
100191,3,10051,4.8,5
100192,1,10051,4.8,1
100193,1,10051,4.8,1
100193,2,10052,9.14,2
100194,1,10052,9.14,1
100194,3,10054,14.06,1
100194,2,10053,5.11,3
100195,1,10054,14.06,1
100196,1,10054,14.06,5
100196,2,10055,8.48,1
100197,1,10055,8.48,1
100197,3,10057,12.94,1
100197,2,10056,1.83,2
100198,1,10057,12.94,3
100199,1,10057,12.94,1
100199,2,10058,3.15,1
100200,1,10058,3.15,5
100200,2,10059,3.88,1
100200,3,10060,6.23,1
100201,1,10060,6.23,2
100202,1,10060,6.23,1
100202,2,10061,2.58,3
100203,1,10061,2.58,1
100203,2,10062,2.43,1
100203,3,10063,3.83,5
100204,1,10063,3.83,1
100205,1,10063,3.83,1
100205,2,10064,4.99,2
100206,1,10064,4.99,1
100206,3,10066,1.26,1
100206,2,10065,3.04,3
100207,1,10066,1.26,1
100208,1,10066,1.26,5
100208,2,10067,6.5,1
100209,1,10067,6.5,1
100209,3,10069,8.04,1
100209,2,10068,7.44,2
100210,1,10069,8.04,3
100211,1,10069,8.04,1
100211,2,10070,11.98,1
100212,1,10070,11.98,5
100212,2,10071,11.98,1
100212,3,10001,3.3,1
100213,1,10001,3.3,2
100214,1,10001,3.3,1
100214,2,10002,13.76,3
100215,1,10002,13.76,1
100215,2,10003,11.76,1
100215,3,10004,12.77,5
100216,1,10004,12.77,1
100217,1,10004,12.77,1
100217,2,10005,18.47,2
100218,1,10005,18.47,1
100218,3,10007,3.8,1
100218,2,10006,5.24,3
100219,1,10007,3.8,1
100220,1,10007,3.8,5
100220,2,10008,4.04,1
100221,1,10008,4.04,1
100221,3,10010,14.4,1
100221,2,10009,3.47,2
100222,1,10010,14.4,3
100223,1,10010,14.4,1
100223,2,10011,65.83,1
100224,1,10011,65.83,5
100224,2,10012,6.38,1
100224,3,10013,14.42,1
100225,1,10013,14.42,2
100226,1,10013,14.42,1
100226,2,10014,6.1,3
100227,1,10014,6.1,1
100227,2,10015,5.19,1
100227,3,10016,7.79,5
100228,1,10016,7.79,1
100229,1,10016,7.79,1
100229,2,10017,21.31,2
100230,1,10017,21.31,1
100230,3,10019,6.89,1
100230,2,10018,2.07,3
100231,1,10019,6.89,1
100232,1,10019,6.89,5
100232,2,10020,4.24,1
100233,1,10020,4.24,1
100233,3,10022,7.04,1
100233,2,10021,6.37,2
100234,1,10022,7.04,3
100235,1,10022,7.04,1
100235,2,10023,5.69,1
100236,1,10023,5.69,5
100236,2,10024,4.16,1
100236,3,10025,5.87,1
100237,1,10025,5.87,2
100238,1,10025,5.87,1
100238,2,10026,2.63,3
100239,1,10026,2.63,1
100239,2,10027,3.23,1
100239,3,10028,7.11,5
100240,1,10028,7.11,1
100241,1,10028,7.11,1
100241,2,10029,7.35,2
100242,1,10029,7.35,1
100242,3,10031,4.52,1
100242,2,10030,5.2,3
100243,1,10031,4.52,1
100244,1,10031,4.52,5
100244,2,10032,2.54,1
100245,1,10032,2.54,1
100245,3,10034,21.36,1
100245,2,10033,1.51,2
100246,1,10034,21.36,3
100247,1,10034,21.36,1
100247,2,10035,52.78,1
100248,1,10035,52.78,5
100248,2,10036,8.03,1
100248,3,10037,25.05,1
100249,1,10037,25.05,2
100250,1,10037,25.05,1
100250,2,10038,32.54,3
100251,1,10038,32.54,1
100251,2,10039,29.64,1
100251,3,10040,8.54,5
100252,1,10040,8.54,1
100253,1,10040,8.54,1
100253,2,10041,10.58,2
100254,1,10041,10.58,1
100254,3,10043,26.99,1
100254,2,10042,28.04,3
100255,1,10043,26.99,1
100256,1,10043,26.99,5
100256,2,10044,30.91,1
100257,1,10044,30.91,1
100257,3,10046,4.56,1
100257,2,10045,7.72,2
100258,1,10046,4.56,3
100259,1,10046,4.56,1
100259,2,10047,59.8,1
100260,1,10047,59.8,5
100260,2,10048,44.2,1
100260,3,10049,26.39,1
100261,1,10049,26.39,2
100262,1,10049,26.39,1
100262,2,10050,5.62,3
100263,1,10050,5.62,1
100263,2,10051,4.8,1
100263,3,10052,9.14,5
100264,1,10052,9.14,1
100265,1,10052,9.14,1
100265,2,10053,5.11,2
100266,1,10053,5.11,1
100266,3,10055,8.48,1
100266,2,10054,14.06,3
100267,1,10055,8.48,1
100268,1,10055,8.48,5
100268,2,10056,1.83,1
100269,1,10056,1.83,1
100269,3,10058,3.15,1
100269,2,10057,12.94,2
100270,1,10058,3.15,3
100271,1,10058,3.15,1
100271,2,10059,3.88,1
100272,1,10059,3.88,5
100272,2,10060,6.23,1
100272,3,10061,2.58,1
100273,1,10061,2.58,2
100274,1,10061,2.58,1
100274,2,10062,2.43,3
100275,1,10062,2.43,1
100275,2,10063,3.83,1
100275,3,10064,4.99,5
100276,1,10064,4.99,1
100277,1,10064,4.99,1
100277,2,10065,3.04,2
100278,1,10065,3.04,1
100278,3,10067,6.5,1
100278,2,10066,1.26,3
100279,1,10067,6.5,1
100280,1,10067,6.5,5
100280,2,10068,7.44,1
100281,1,10068,7.44,1
100281,3,10070,11.98,1
100281,2,10069,8.04,2
100282,1,10070,11.98,3
100283,1,10070,11.98,1
100283,2,10071,11.98,1
100284,1,10071,11.98,5
100284,2,10001,3.3,1
100284,3,10002,13.76,1
100285,1,10002,13.76,2
100286,1,10002,13.76,1
100286,2,10003,11.76,3
100287,1,10003,11.76,1
100287,2,10004,12.77,1
100287,3,10005,18.47,5
100288,1,10005,18.47,1
100289,1,10005,18.47,1
100289,2,10006,5.24,2
100290,1,10006,5.24,1
100290,3,10008,4.04,1
100290,2,10007,3.8,3
100291,1,10008,4.04,1
100292,1,10008,4.04,5
100292,2,10009,3.47,1
100293,1,10009,3.47,1
100293,3,10011,65.83,1
100293,2,10010,14.4,2
100294,1,10011,65.83,3
100295,1,10011,65.83,1
100295,2,10012,6.38,1
100296,1,10012,6.38,5
100296,2,10013,14.42,1
100296,3,10014,6.1,1
100297,1,10014,6.1,2
100298,1,10014,6.1,1
100298,2,10015,5.19,3
100299,1,10015,5.19,1
100299,2,10016,7.79,1
100299,3,10017,21.31,5
100300,1,10017,21.31,1
100301,1,10017,21.31,1
100301,2,10018,2.07,2
100302,1,10018,2.07,1
100302,3,10020,4.24,1
100302,2,10019,6.89,3
100303,1,10020,4.24,1
100304,1,10020,4.24,5
100304,2,10021,6.37,1
100305,1,10021,6.37,1
100305,3,10023,5.69,1
100305,2,10022,7.04,2
100306,1,10023,5.69,3
100307,1,10023,5.69,1
100307,2,10024,4.16,1
100308,1,10024,4.16,5
100308,2,10025,5.87,1
100308,3,10026,2.63,1
100309,1,10026,2.63,2
100310,1,10026,2.63,1
100310,2,10027,3.23,3
100311,1,10027,3.23,1
100311,2,10028,7.11,1
100311,3,10029,7.35,5
100312,1,10029,7.35,1
100313,1,10029,7.35,1
100313,2,10030,5.2,2
100314,1,10030,5.2,1
100314,3,10032,2.54,1
100314,2,10031,4.52,3
100315,1,10032,2.54,1
100316,1,10032,2.54,5
100316,2,10033,1.51,1
100317,1,10033,1.51,1
100317,3,10035,52.78,1
100317,2,10034,21.36,2
100318,1,10035,52.78,3
100319,1,10035,52.78,1
100319,2,10036,8.03,1
100320,1,10036,8.03,5
100320,2,10037,25.05,1
100320,3,10038,32.54,1
100321,1,10038,32.54,2
100322,1,10038,32.54,1
100322,2,10039,29.64,3
100323,1,10039,29.64,1
100323,2,10040,8.54,1
100323,3,10041,10.58,5
100324,1,10041,10.58,1
100325,1,10041,10.58,1
100325,2,10042,28.04,2
100326,1,10042,28.04,1
100326,3,10044,30.91,1
100326,2,10043,26.99,3
100327,1,10044,30.91,1
100328,1,10044,30.91,5
100328,2,10045,7.72,1
100329,1,10045,7.72,1
100329,3,10047,59.8,1
100329,2,10046,4.56,2
100330,1,10047,59.8,3
100331,1,10047,59.8,1
100331,2,10048,44.2,1
100332,1,10048,44.2,5
100332,2,10049,26.39,1
100332,3,10050,5.62,1
100333,1,10050,5.62,2
100334,1,10050,5.62,1
100334,2,10051,4.8,3
100335,1,10051,4.8,1
100335,2,10052,9.14,1
100335,3,10053,5.11,5
100336,1,10053,5.11,1
100337,1,10053,5.11,1
100337,2,10054,14.06,2
100338,1,10054,14.06,1
100338,3,10056,1.83,1
100338,2,10055,8.48,3
100339,1,10056,1.83,1
100340,1,10056,1.83,5
100340,2,10057,12.94,1
100341,1,10057,12.94,1
100341,3,10059,3.88,1
100341,2,10058,3.15,2
100342,1,10059,3.88,3
100343,1,10059,3.88,1
100343,2,10060,6.23,1
100344,1,10060,6.23,5
100344,2,10061,2.58,1
100344,3,10062,2.43,1
100345,1,10062,2.43,2
100346,1,10062,2.43,1
100346,2,10063,3.83,3
100347,1,10063,3.83,1
100347,2,10064,4.99,1
100347,3,10065,3.04,5
100348,1,10065,3.04,1
100349,1,10065,3.04,1
100349,2,10066,1.26,2
100350,1,10066,1.26,1
100350,3,10068,7.44,1
100350,2,10067,6.5,3
100351,1,10068,7.44,1
100352,1,10068,7.44,5
100352,2,10069,8.04,1
100353,1,10069,8.04,1
100353,3,10071,11.98,1
100353,2,10070,11.98,2
100354,1,10071,11.98,3
100355,1,10071,11.98,1
100355,2,10001,3.3,1
100356,1,10001,3.3,5
100356,2,10002,13.76,1
100356,3,10003,11.76,1
100357,1,10003,11.76,2
100358,1,10003,11.76,1
100358,2,10004,12.77,3
100359,1,10004,12.77,1
100359,2,10005,18.47,1
100359,3,10006,5.24,5
100360,1,10006,5.24,1
100361,1,10006,5.24,1
100361,2,10007,3.8,2
100362,1,10007,3.8,1
100362,3,10009,3.47,1
100362,2,10008,4.04,3
100363,1,10009,3.47,1
100364,1,10009,3.47,5
100364,2,10010,14.4,1
100365,1,10010,14.4,1
100365,3,10012,6.38,1
100365,2,10011,65.83,2
100366,1,10012,6.38,3
100367,1,10012,6.38,1
100367,2,10013,14.42,1
100368,1,10013,14.42,5
100368,2,10014,6.1,1
100368,3,10015,5.19,1
100369,1,10015,5.19,2
100370,1,10015,5.19,1
100370,2,10016,7.79,3
100371,1,10016,7.79,1
100371,2,10017,21.31,1
100371,3,10018,2.07,5
100372,1,10018,2.07,1
100373,1,10018,2.07,1
100373,2,10019,6.89,2
100374,1,10019,6.89,1
100374,3,10021,6.37,1
100374,2,10020,4.24,3
100375,1,10021,6.37,1
100376,1,10021,6.37,5
100376,2,10022,7.04,1
100377,1,10022,7.04,1
100377,3,10024,4.16,1
100377,2,10023,5.69,2
100378,1,10024,4.16,3
100379,1,10024,4.16,1
100379,2,10025,5.87,1
100380,1,10025,5.87,5
100380,2,10026,2.63,1
100380,3,10027,3.23,1
100381,1,10027,3.23,2
100382,1,10027,3.23,1
100382,2,10028,7.11,3
100383,1,10028,7.11,1
100383,2,10029,7.35,1
100383,3,10030,5.2,5
100384,1,10030,5.2,1
100385,1,10030,5.2,1
100385,2,10031,4.52,2
100386,1,10031,4.52,1
100386,3,10033,1.51,1
100386,2,10032,2.54,3
100387,1,10033,1.51,1
100388,1,10033,1.51,5
100388,2,10034,21.36,1
100389,1,10034,21.36,1
100389,3,10036,8.03,1
100389,2,10035,52.78,2
100390,1,10036,8.03,3
100391,1,10036,8.03,1
100391,2,10037,25.05,1
100392,1,10037,25.05,5
100392,2,10038,32.54,1
100392,3,10039,29.64,1
100393,1,10039,29.64,2
100394,1,10039,29.64,1
100394,2,10040,8.54,3
100395,1,10040,8.54,1
100395,2,10041,10.58,1
100395,3,10042,28.04,5
100396,1,10042,28.04,1
100397,1,10042,28.04,1
100397,2,10043,26.99,2
100398,1,10043,26.99,1
100398,3,10045,7.72,1
100398,2,10044,30.91,3
100399,1,10045,7.72,1
100400,1,10045,7.72,5
100400,2,10046,4.56,1
100401,1,10046,4.56,1
100401,3,10048,44.2,1
100401,2,10047,59.8,2
100402,1,10048,44.2,3
100403,1,10048,44.2,1
100403,2,10049,26.39,1
100404,1,10049,26.39,5
100404,2,10050,5.62,1
100404,3,10051,4.8,1
100405,1,10051,4.8,2
100406,1,10051,4.8,1
100406,2,10052,9.14,3
100407,1,10052,9.14,1
100407,2,10053,5.11,1
100407,3,10054,14.06,5
100408,1,10054,14.06,1
100409,1,10054,14.06,1
100409,2,10055,8.48,2
100410,1,10055,8.48,1
100410,3,10057,12.94,1
100410,2,10056,1.83,3
100411,1,10057,12.94,1
100412,1,10057,12.94,5
100412,2,10058,3.15,1
100413,1,10058,3.15,1
100413,3,10060,6.23,1
100413,2,10059,3.88,2
100414,1,10060,6.23,3
100415,1,10060,6.23,1
100415,2,10061,2.58,1
100416,1,10061,2.58,5
100416,2,10062,2.43,1
100416,3,10063,3.83,1
100417,1,10063,3.83,2
100418,1,10063,3.83,1
100418,2,10064,4.99,3
100419,1,10064,4.99,1
100419,2,10065,3.04,1
100419,3,10066,1.26,5
100420,1,10066,1.26,1
100421,1,10066,1.26,1
100421,2,10067,6.5,2
100422,1,10067,6.5,1
100422,3,10069,8.04,1
100422,2,10068,7.44,3
100423,1,10069,8.04,1
100424,1,10069,8.04,5
100424,2,10070,11.98,1
100425,1,10070,11.98,1
100425,3,10001,3.3,1
100425,2,10071,11.98,2
100426,1,10001,3.3,3
100427,1,10001,3.3,1
100427,2,10002,13.76,1
100428,1,10002,13.76,5
100428,2,10003,11.76,1
100428,3,10004,12.77,1
100429,1,10004,12.77,2
100430,1,10004,12.77,1
100430,2,10005,18.47,3
100431,1,10005,18.47,1
100431,2,10006,5.24,1
100431,3,10007,3.8,5
100432,1,10007,3.8,1
100433,1,10007,3.8,1
100433,2,10008,4.04,2
100434,1,10008,4.04,1
100434,3,10010,14.4,1
100434,2,10009,3.47,3
100435,1,10010,14.4,1
100436,1,10010,14.4,5
100436,2,10011,65.83,1
100437,1,10011,65.83,1
100437,2,10012,6.38,2
100437,3,10013,14.42,1
100438,1,10013,14.42,3
100439,1,10013,14.42,1
100439,2,10014,6.1,1
100440,1,10014,6.1,5
100440,3,10016,7.79,1
100440,2,10015,5.19,1
100441,1,10016,7.79,2
100442,1,10016,7.79,1
100442,2,10017,21.31,3
100443,1,10017,21.31,1
100443,3,10019,6.89,5
100443,2,10018,2.07,1
100444,1,10019,6.89,1
100445,1,10019,6.89,1
100445,2,10020,4.24,2
100446,1,10020,4.24,1
100446,2,10021,6.37,3
100446,3,10022,7.04,1
100447,1,10022,7.04,1
100448,1,10022,7.04,5
100448,2,10023,5.69,1
100449,1,10023,5.69,1
100449,2,10024,4.16,2
100449,3,10025,5.87,1
100450,1,10025,5.87,3
100451,1,10025,5.87,1
100451,2,10026,2.63,1
100452,1,10026,2.63,5
100452,3,10028,7.11,1
100452,2,10027,3.23,1
100453,1,10028,7.11,2
100454,1,10028,7.11,1
100454,2,10029,7.35,3
100455,1,10029,7.35,1
100455,3,10031,4.52,5
100455,2,10030,5.2,1
100456,1,10031,4.52,1
100457,1,10031,4.52,1
100457,2,10032,2.54,2
100458,1,10032,2.54,1
100458,2,10033,1.51,3
100458,3,10034,21.36,1
100459,1,10034,21.36,1
100460,1,10034,21.36,5
100460,2,10035,52.78,1
100461,1,10035,52.78,1
100461,2,10036,8.03,2
100461,3,10037,25.05,1
100462,1,10037,25.05,3
100463,1,10037,25.05,1
100463,2,10038,32.54,1
100464,1,10038,32.54,5
100464,3,10040,8.54,1
100464,2,10039,29.64,1
100465,1,10040,8.54,2
100466,1,10040,8.54,1
100466,2,10041,10.58,3
100467,1,10041,10.58,1
100467,3,10043,26.99,5
100467,2,10042,28.04,1
100468,1,10043,26.99,1
100469,1,10043,26.99,1
100469,2,10044,30.91,2
100470,1,10044,30.91,1
100470,2,10045,7.72,3
100470,3,10046,4.56,1
100471,1,10046,4.56,1
100472,1,10046,4.56,5
100472,2,10047,59.8,1
100473,1,10047,59.8,1
100473,2,10048,44.2,2
100473,3,10049,26.39,1
100474,1,10049,26.39,3
100475,1,10049,26.39,1
100475,2,10050,5.62,1
100476,1,10050,5.62,5
100476,3,10052,9.14,1
100476,2,10051,4.8,1
100477,1,10052,9.14,2
100478,1,10052,9.14,1
100478,2,10053,5.11,3
100479,1,10053,5.11,1
100479,3,10055,8.48,5
100479,2,10054,14.06,1
100480,1,10055,8.48,1
100481,1,10055,8.48,1
100481,2,10056,1.83,2
100482,1,10056,1.83,1
100482,2,10057,12.94,3
100482,3,10058,3.15,1
100483,1,10058,3.15,1
100484,1,10058,3.15,5
100484,2,10059,3.88,1
100485,1,10059,3.88,1
100485,2,10060,6.23,2
100485,3,10061,2.58,1
100486,1,10061,2.58,3
100487,1,10061,2.58,1
100487,2,10062,2.43,1
100488,1,10062,2.43,5
100488,3,10064,4.99,1
100488,2,10063,3.83,1
100489,1,10064,4.99,2
100490,1,10064,4.99,1
100490,2,10065,3.04,3
100491,1,10065,3.04,1
100491,3,10067,6.5,5
100491,2,10066,1.26,1
100492,1,10067,6.5,1
100493,1,10067,6.5,1
100493,2,10068,7.44,2
100494,1,10068,7.44,1
100494,2,10069,8.04,3
100494,3,10070,11.98,1
100495,1,10070,11.98,1
100496,1,10070,11.98,5
100496,2,10071,11.98,1
100497,1,10071,11.98,1
100497,2,10001,3.3,2
100497,3,10002,13.76,1
100498,1,10002,13.76,3
100499,1,10002,13.76,1
100499,2,10003,11.76,1
100500,1,10003,11.76,5
100500,3,10005,18.47,1
100500,2,10004,12.77,1
100501,1,10005,18.47,2
100502,1,10005,18.47,1
100502,2,10006,5.24,3
100503,1,10006,5.24,1
100503,3,10008,4.04,5
100503,2,10007,3.8,1
100504,1,10008,4.04,1
100505,1,10008,4.04,1
100505,2,10009,3.47,2
100506,1,10009,3.47,1
100506,2,10010,14.4,3
100506,3,10011,65.83,1
100507,1,10011,65.83,1
100508,1,10011,65.83,5
100508,2,10012,6.38,1
100509,1,10012,6.38,1
100509,2,10013,14.42,2
100509,3,10014,6.1,1
100510,1,10014,6.1,3
100511,1,10014,6.1,1
100511,2,10015,5.19,1
100512,1,10015,5.19,5
100512,3,10017,21.31,1
100512,2,10016,7.79,1
100513,1,10017,21.31,2
100514,1,10017,21.31,1
100514,2,10018,2.07,3
100515,1,10018,2.07,1
100515,3,10020,4.24,5
100515,2,10019,6.89,1
100516,1,10020,4.24,1
100517,1,10020,4.24,1
100517,2,10021,6.37,2
100518,1,10021,6.37,1
100518,2,10022,7.04,3
100518,3,10023,5.69,1
100519,1,10023,5.69,1
100520,1,10023,5.69,5
100520,2,10024,4.16,1
100521,1,10024,4.16,1
100521,2,10025,5.87,2
100521,3,10026,2.63,1
100522,1,10026,2.63,3
100523,1,10026,2.63,1
100523,2,10027,3.23,1
100524,1,10027,3.23,5
100524,3,10029,7.35,1
100524,2,10028,7.11,1
100525,1,10029,7.35,2
100526,1,10029,7.35,1
100526,2,10030,5.2,3
100527,1,10030,5.2,1
100527,3,10032,2.54,5
100527,2,10031,4.52,1
100528,1,10032,2.54,1
100529,1,10032,2.54,1
100529,2,10033,1.51,2
100530,1,10033,1.51,1
100530,2,10034,21.36,3
100530,3,10035,52.78,1
100531,1,10035,52.78,1
100532,1,10035,52.78,5
100532,2,10036,8.03,1
100533,1,10036,8.03,1
100533,2,10037,25.05,2
100533,3,10038,32.54,1
100534,1,10038,32.54,3
100535,1,10038,32.54,1
100535,2,10039,29.64,1
100536,1,10039,29.64,5
100536,3,10041,10.58,1
100536,2,10040,8.54,1
100537,1,10041,10.58,2
100538,1,10041,10.58,1
100538,2,10042,28.04,3
100539,1,10042,28.04,1
100539,3,10044,30.91,5
100539,2,10043,26.99,1
100540,1,10044,30.91,1
100541,1,10044,30.91,1
100541,2,10045,7.72,2
100542,1,10045,7.72,1
100542,2,10046,4.56,3
100542,3,10047,59.8,1
100543,1,10047,59.8,1
100544,1,10047,59.8,5
100544,2,10048,44.2,1
100545,1,10048,44.2,1
100545,2,10049,26.39,2
100545,3,10050,5.62,1
100546,1,10050,5.62,3
100547,1,10050,5.62,1
100547,2,10051,4.8,1
100548,1,10051,4.8,5
100548,3,10053,5.11,1
100548,2,10052,9.14,1
100549,1,10053,5.11,2
100550,1,10053,5.11,1
100550,2,10054,14.06,3
100551,1,10054,14.06,1
100551,3,10056,1.83,5
100551,2,10055,8.48,1
100552,1,10056,1.83,1
100553,1,10056,1.83,1
100553,2,10057,12.94,2
100554,1,10057,12.94,1
100554,2,10058,3.15,3
100554,3,10059,3.88,1
100555,1,10059,3.88,1
100556,1,10059,3.88,5
100556,2,10060,6.23,1
100557,1,10060,6.23,1
100557,2,10061,2.58,2
100557,3,10062,2.43,1
100558,1,10062,2.43,3
100559,1,10062,2.43,1
100559,2,10063,3.83,1
100560,1,10063,3.83,5
100560,3,10065,3.04,1
100560,2,10064,4.99,1
100561,1,10065,3.04,2
100562,1,10065,3.04,1
100562,2,10066,1.26,3
100563,1,10066,1.26,1
100563,3,10068,7.44,5
100563,2,10067,6.5,1
100564,1,10068,7.44,1
100565,1,10068,7.44,1
100565,2,10069,8.04,2
100566,1,10069,8.04,1
100566,2,10070,11.98,3
100566,3,10071,11.98,1
100567,1,10071,11.98,1
100568,1,10071,11.98,5
100568,2,10001,3.3,1
100569,1,10001,3.3,1
100569,2,10002,13.76,2
100569,3,10003,11.76,1
100570,1,10003,11.76,3
100571,1,10003,11.76,1
100571,2,10004,12.77,1
100572,1,10004,12.77,5
100572,3,10006,5.24,1
100572,2,10005,18.47,1
100573,1,10006,5.24,2
100574,1,10006,5.24,1
100574,2,10007,3.8,3
100575,1,10007,3.8,1
100575,3,10009,3.47,5
100575,2,10008,4.04,1
100576,1,10009,3.47,1
100577,1,10009,3.47,1
100577,2,10010,14.4,2
100578,1,10010,14.4,1
100578,2,10011,65.83,3
100578,3,10012,6.38,1
100579,1,10012,6.38,1
100580,1,10012,6.38,5
100580,2,10013,14.42,1
100581,1,10013,14.42,1
100581,2,10014,6.1,2
100581,3,10015,5.19,1
100582,1,10015,5.19,3
100583,1,10015,5.19,1
100583,2,10016,7.79,1
100584,1,10016,7.79,5
100584,3,10018,2.07,1
100584,2,10017,21.31,1
100585,1,10018,2.07,2
100586,1,10018,2.07,1
100586,2,10019,6.89,3
100587,1,10019,6.89,1
100587,2,10020,4.24,1
100587,3,10021,6.37,5
100588,1,10021,6.37,1
100589,1,10021,6.37,1
100589,2,10022,7.04,2
100590,1,10022,7.04,1
100590,2,10023,5.69,3
100590,3,10024,4.16,1
100591,1,10024,4.16,1
100592,1,10024,4.16,5
100592,2,10025,5.87,1
100593,1,10025,5.87,1
100593,3,10027,3.23,1
100593,2,10026,2.63,2
100594,1,10027,3.23,3
100595,1,10027,3.23,1
100595,2,10028,7.11,1
100596,1,10028,7.11,5
100596,3,10030,5.2,1
100596,2,10029,7.35,1
100597,1,10030,5.2,2
100598,1,10030,5.2,1
100598,2,10031,4.52,3
100599,1,10031,4.52,1
100599,2,10032,2.54,1
100599,3,10033,1.51,5
100600,1,10033,1.51,1
100601,1,10033,1.51,1
100601,2,10034,21.36,2
100602,1,10034,21.36,1
100602,2,10035,52.78,3
100602,3,10036,8.03,1
100603,1,10036,8.03,1
100604,1,10036,8.03,5
100604,2,10037,25.05,1
100605,1,10037,25.05,1
100605,3,10039,29.64,1
100605,2,10038,32.54,2
100606,1,10039,29.64,3
100607,1,10039,29.64,1
100607,2,10040,8.54,1
100608,1,10040,8.54,5
100608,3,10042,28.04,1
100608,2,10041,10.58,1
100609,1,10042,28.04,2
100610,1,10042,28.04,1
100610,2,10043,26.99,3
100611,1,10043,26.99,1
100611,2,10044,30.91,1
100611,3,10045,7.72,5
100612,1,10045,7.72,1
100613,1,10045,7.72,1
100613,2,10046,4.56,2
100614,1,10046,4.56,1
100614,2,10047,59.8,3
100614,3,10048,44.2,1
100615,1,10048,44.2,1
100616,1,10048,44.2,5
100616,2,10049,26.39,1
100617,1,10049,26.39,1
100617,3,10051,4.8,1
100617,2,10050,5.62,2
100618,1,10051,4.8,3
100619,1,10051,4.8,1
100619,2,10052,9.14,1
100620,1,10052,9.14,5
100620,3,10054,14.06,1
100620,2,10053,5.11,1
100621,1,10054,14.06,2
100622,1,10054,14.06,1
100622,2,10055,8.48,3
100623,1,10055,8.48,1
100623,2,10056,1.83,1
100623,3,10057,12.94,5
100624,1,10057,12.94,1
100625,1,10057,12.94,1
100625,2,10058,3.15,2
100626,1,10058,3.15,1
100626,2,10059,3.88,3
100626,3,10060,6.23,1
100627,1,10060,6.23,1
100628,1,10060,6.23,5
100628,2,10061,2.58,1
100629,1,10061,2.58,1
100629,3,10063,3.83,1
100629,2,10062,2.43,2
100630,1,10063,3.83,3
100631,1,10063,3.83,1
100631,2,10064,4.99,1
100632,1,10064,4.99,5
100632,3,10066,1.26,1
100632,2,10065,3.04,1
100633,1,10066,1.26,2
100634,1,10066,1.26,1
100634,2,10067,6.5,3
100635,1,10067,6.5,1
100635,2,10068,7.44,1
100635,3,10069,8.04,5
100636,1,10069,8.04,1
100637,1,10069,8.04,1
100637,2,10070,11.98,2
100638,1,10070,11.98,1
100638,2,10071,11.98,3
100638,3,10001,3.3,1
100639,1,10001,3.3,1
100640,1,10001,3.3,5
100640,2,10002,13.76,1
100641,1,10002,13.76,1
100641,3,10004,12.77,1
100641,2,10003,11.76,2
100642,1,10004,12.77,3
100643,1,10004,12.77,1
100643,2,10005,18.47,1
100644,1,10005,18.47,5
100644,3,10007,3.8,1
100644,2,10006,5.24,1
100645,1,10007,3.8,2
100646,1,10007,3.8,1
100646,2,10008,4.04,3
100647,1,10008,4.04,1
100647,2,10009,3.47,1
100647,3,10010,14.4,5
100648,1,10010,14.4,1
100649,1,10010,14.4,1
100649,2,10011,65.83,2
100650,1,10011,65.83,1
100650,2,10012,6.38,3
100650,3,10013,14.42,1
100651,1,10013,14.42,1
100652,1,10013,14.42,5
100652,2,10014,6.1,1
100653,1,10014,6.1,1
100653,3,10016,7.79,1
100653,2,10015,5.19,2
100654,1,10016,7.79,3
100655,1,10016,7.79,1
100655,2,10017,21.31,1
100656,1,10017,21.31,5
100656,3,10019,6.89,1
100656,2,10018,2.07,1
100657,1,10019,6.89,2
100658,1,10019,6.89,1
100658,2,10020,4.24,3
100659,1,10020,4.24,1
100659,2,10021,6.37,1
100659,3,10022,7.04,5
100660,1,10022,7.04,1
100661,1,10022,7.04,1
100661,2,10023,5.69,2
100662,1,10023,5.69,1
100662,2,10024,4.16,3
100662,3,10025,5.87,1
100663,1,10025,5.87,1
100664,1,10025,5.87,5
100664,2,10026,2.63,1
100665,1,10026,2.63,1
100665,3,10028,7.11,1
100665,2,10027,3.23,2
100666,1,10028,7.11,3
100667,1,10028,7.11,1
100667,2,10029,7.35,1
100668,1,10029,7.35,5
100668,3,10031,4.52,1
100668,2,10030,5.2,1
100669,1,10031,4.52,2
100670,1,10031,4.52,1
100670,2,10032,2.54,3
100671,1,10032,2.54,1
100671,2,10033,1.51,1
100671,3,10034,21.36,5
100672,1,10034,21.36,1
100673,1,10034,21.36,1
100673,2,10035,52.78,2
100674,1,10035,52.78,1
100674,2,10036,8.03,3
100674,3,10037,25.05,1
100675,1,10037,25.05,1
100676,1,10037,25.05,5
100676,2,10038,32.54,1
100677,1,10038,32.54,1
100677,3,10040,8.54,1
100677,2,10039,29.64,2
100678,1,10040,8.54,3
100679,1,10040,8.54,1
100679,2,10041,10.58,1
100680,1,10041,10.58,5
100680,3,10043,26.99,1
100680,2,10042,28.04,1
100681,1,10043,26.99,2
100682,1,10043,26.99,1
100682,2,10044,30.91,3
100683,1,10044,30.91,1
100683,2,10045,7.72,1
100683,3,10046,4.56,5
100684,1,10046,4.56,1
100685,1,10046,4.56,1
100685,2,10047,59.8,2
100686,1,10047,59.8,1
100686,2,10048,44.2,3
100686,3,10049,26.39,1
100687,1,10049,26.39,1
100688,1,10049,26.39,5
100688,2,10050,5.62,1
100689,1,10050,5.62,1
100689,3,10052,9.14,1
100689,2,10051,4.8,2
100690,1,10052,9.14,3
100691,1,10052,9.14,1
100691,2,10053,5.11,1
100692,1,10053,5.11,5
100692,3,10055,8.48,1
100692,2,10054,14.06,1
100693,1,10055,8.48,2
100694,1,10055,8.48,1
100694,2,10056,1.83,3
100695,1,10056,1.83,1
100695,2,10057,12.94,1
100695,3,10058,3.15,5
100696,1,10058,3.15,1
100697,1,10058,3.15,1
100697,2,10059,3.88,2
100698,1,10059,3.88,1
100698,2,10060,6.23,3
100698,3,10061,2.58,1
100699,1,10061,2.58,1
100700,1,10061,2.58,5
100700,2,10062,2.43,1
100701,1,10062,2.43,1
100701,3,10064,4.99,1
100701,2,10063,3.83,2
100702,1,10064,4.99,3
100703,1,10064,4.99,1
100703,2,10065,3.04,1
100704,1,10065,3.04,5
100704,3,10067,6.5,1
100704,2,10066,1.26,1
100705,1,10067,6.5,2
100706,1,10067,6.5,1
100706,2,10068,7.44,3
100707,1,10068,7.44,1
100707,2,10069,8.04,1
100707,3,10070,11.98,5
100708,1,10070,11.98,1
100709,1,10070,11.98,1
100709,2,10071,11.98,2
100710,1,10071,11.98,1
100710,2,10001,3.3,3
100710,3,10002,13.76,1
100711,1,10002,13.76,1
100712,1,10002,13.76,5
100712,2,10003,11.76,1
100713,1,10003,11.76,1
100713,2,10004,12.77,2
100713,3,10005,18.47,1
100714,1,10005,18.47,3
100715,1,10005,18.47,1
100715,2,10006,5.24,1
100716,1,10006,5.24,5
100716,2,10007,3.8,1
100716,3,10008,4.04,1
100717,1,10008,4.04,2
100718,1,10008,4.04,1
100718,2,10009,3.47,3
100719,1,10009,3.47,1
100719,2,10010,14.4,1
100719,3,10011,65.83,5
100720,1,10011,65.83,1
100721,1,10011,65.83,1
100721,2,10012,6.38,2
100722,1,10012,6.38,1
100722,3,10014,6.1,1
100722,2,10013,14.42,3
100723,1,10014,6.1,1
100724,1,10014,6.1,5
100724,2,10015,5.19,1
100725,1,10015,5.19,1
100725,3,10017,21.31,1
100725,2,10016,7.79,2
100726,1,10017,21.31,3
100727,1,10017,21.31,1
100727,2,10018,2.07,1
100728,1,10018,2.07,5
100728,3,10020,4.24,1
100728,2,10019,6.89,1
100729,1,10020,4.24,2
100730,1,10020,4.24,1
100730,2,10021,6.37,3
100731,1,10021,6.37,1
100731,2,10022,7.04,1
100731,3,10023,5.69,5
100732,1,10023,5.69,1
100733,1,10023,5.69,1
100733,2,10024,4.16,2
100734,1,10024,4.16,1
100734,3,10026,2.63,1
100734,2,10025,5.87,3
100735,1,10026,2.63,1
100736,1,10026,2.63,5
100736,2,10027,3.23,1
100737,1,10027,3.23,1
100737,3,10029,7.35,1
100737,2,10028,7.11,2
100738,1,10029,7.35,3
100739,1,10029,7.35,1
100739,2,10030,5.2,1
100740,1,10030,5.2,5
100740,2,10031,4.52,1
100740,3,10032,2.54,1
100741,1,10032,2.54,2
100742,1,10032,2.54,1
100742,2,10033,1.51,3
100743,1,10033,1.51,1
100743,2,10034,21.36,1
100743,3,10035,52.78,5
100744,1,10035,52.78,1
100745,1,10035,52.78,1
100745,2,10036,8.03,2
100746,1,10036,8.03,1
100746,3,10038,32.54,1
100746,2,10037,25.05,3
100747,1,10038,32.54,1
100748,1,10038,32.54,5
100748,2,10039,29.64,1
100749,1,10039,29.64,1
100749,3,10041,10.58,1
100749,2,10040,8.54,2
100750,1,10041,10.58,3
100751,1,10041,10.58,1
100751,2,10042,28.04,1
100752,1,10042,28.04,5
100752,2,10043,26.99,1
100752,3,10044,30.91,1
100753,1,10044,30.91,2
100754,1,10044,30.91,1
100754,2,10045,7.72,3
100755,1,10045,7.72,1
100755,2,10046,4.56,1
100755,3,10047,59.8,5
100756,1,10047,59.8,1
100757,1,10047,59.8,1
100757,2,10048,44.2,2
100758,1,10048,44.2,1
100758,3,10050,5.62,1
100758,2,10049,26.39,3
100759,1,10050,5.62,1
100760,1,10050,5.62,5
100760,2,10051,4.8,1
100761,1,10051,4.8,1
100761,3,10053,5.11,1
100761,2,10052,9.14,2
100762,1,10053,5.11,3
100763,1,10053,5.11,1
100763,2,10054,14.06,1
100764,1,10054,14.06,5
100764,2,10055,8.48,1
100764,3,10056,1.83,1
100765,1,10056,1.83,2
100766,1,10056,1.83,1
100766,2,10057,12.94,3
100767,1,10057,12.94,1
100767,2,10058,3.15,1
100767,3,10059,3.88,5
100768,1,10059,3.88,1
100769,1,10059,3.88,1
100769,2,10060,6.23,2
100770,1,10060,6.23,1
100770,3,10062,2.43,1
100770,2,10061,2.58,3
100771,1,10062,2.43,1
100772,1,10062,2.43,5
100772,2,10063,3.83,1
100773,1,10063,3.83,1
100773,3,10065,3.04,1
100773,2,10064,4.99,2
100774,1,10065,3.04,3
100775,1,10065,3.04,1
100775,2,10066,1.26,1
100776,1,10066,1.26,5
100776,2,10067,6.5,1
100776,3,10068,7.44,1
100777,1,10068,7.44,2
100778,1,10068,7.44,1
100778,2,10069,8.04,3
100779,1,10069,8.04,1
100779,2,10070,11.98,1
100779,3,10071,11.98,5
100780,1,10071,11.98,1
100781,1,10071,11.98,1
100781,2,10001,3.3,2
100782,1,10001,3.3,1
100782,3,10003,11.76,1
100782,2,10002,13.76,3
100783,1,10003,11.76,1
100784,1,10003,11.76,5
100784,2,10004,12.77,1
100785,1,10004,12.77,1
100785,3,10006,5.24,1
100785,2,10005,18.47,2
100786,1,10006,5.24,3
100787,1,10006,5.24,1
100787,2,10007,3.8,1
100788,1,10007,3.8,5
100788,2,10008,4.04,1
100788,3,10009,3.47,1
100789,1,10009,3.47,2
100790,1,10009,3.47,1
100790,2,10010,14.4,3
100791,1,10010,14.4,1
100791,2,10011,65.83,1
100791,3,10012,6.38,5
100792,1,10012,6.38,1
100793,1,10012,6.38,1
100793,2,10013,14.42,2
100794,1,10013,14.42,1
100794,3,10015,5.19,1
100794,2,10014,6.1,3
100795,1,10015,5.19,1
100796,1,10015,5.19,5
100796,2,10016,7.79,1
100797,1,10016,7.79,1
100797,3,10018,2.07,1
100797,2,10017,21.31,2
100798,1,10018,2.07,3
100799,1,10018,2.07,1
100799,2,10019,6.89,1
100800,1,10019,6.89,5
100800,2,10020,4.24,1
100800,3,10021,6.37,1
100801,1,10021,6.37,2
100802,1,10021,6.37,1
100802,2,10022,7.04,3
100803,1,10022,7.04,1
100803,2,10023,5.69,1
100803,3,10024,4.16,5
100804,1,10024,4.16,1
100805,1,10024,4.16,1
100805,2,10025,5.87,2
100806,1,10025,5.87,1
100806,3,10027,3.23,1
100806,2,10026,2.63,3
100807,1,10027,3.23,1
100808,1,10027,3.23,5
100808,2,10028,7.11,1
100809,1,10028,7.11,1
100809,3,10030,5.2,1
100809,2,10029,7.35,2
100810,1,10030,5.2,3
100811,1,10030,5.2,1
100811,2,10031,4.52,1
100812,1,10031,4.52,5
100812,2,10032,2.54,1
100812,3,10033,1.51,1
100813,1,10033,1.51,2
100814,1,10033,1.51,1
100814,2,10034,21.36,3
100815,1,10034,21.36,1
100815,2,10035,52.78,1
100815,3,10036,8.03,5
100816,1,10036,8.03,1
100817,1,10036,8.03,1
100817,2,10037,25.05,2
100818,1,10037,25.05,1
100818,3,10039,29.64,1
100818,2,10038,32.54,3
100819,1,10039,29.64,1
100820,1,10039,29.64,5
100820,2,10040,8.54,1
100821,1,10040,8.54,1
100821,3,10042,28.04,1
100821,2,10041,10.58,2
100822,1,10042,28.04,3
100823,1,10042,28.04,1
100823,2,10043,26.99,1
100824,1,10043,26.99,5
100824,2,10044,30.91,1
100824,3,10045,7.72,1
100825,1,10045,7.72,2
100826,1,10045,7.72,1
100826,2,10046,4.56,3
100827,1,10046,4.56,1
100827,2,10047,59.8,1
100827,3,10048,44.2,5
100828,1,10048,44.2,1
100829,1,10048,44.2,1
100829,2,10049,26.39,2
100830,1,10049,26.39,1
100830,3,10051,4.8,1
100830,2,10050,5.62,3
100831,1,10051,4.8,1
100832,1,10051,4.8,5
100832,2,10052,9.14,1
100833,1,10052,9.14,1
100833,3,10054,14.06,1
100833,2,10053,5.11,2
100834,1,10054,14.06,3
100835,1,10054,14.06,1
100835,2,10055,8.48,1
100836,1,10055,8.48,5
100836,2,10056,1.83,1
100836,3,10057,12.94,1
100837,1,10057,12.94,2
100838,1,10057,12.94,1
100838,2,10058,3.15,3
100839,1,10058,3.15,1
100839,2,10059,3.88,1
100839,3,10060,6.23,5
100840,1,10060,6.23,1
100841,1,10060,6.23,1
100841,2,10061,2.58,2
100842,1,10061,2.58,1
100842,3,10063,3.83,1
100842,2,10062,2.43,3
100843,1,10063,3.83,1
100844,1,10063,3.83,5
100844,2,10064,4.99,1
100845,1,10064,4.99,1
100845,3,10066,1.26,1
100845,2,10065,3.04,2
100846,1,10066,1.26,3
100847,1,10066,1.26,1
100847,2,10067,6.5,1
100848,1,10067,6.5,5
100848,2,10068,7.44,1
100848,3,10069,8.04,1
100849,1,10069,8.04,2
100850,1,10069,8.04,1
100850,2,10070,11.98,3
100851,1,10070,11.98,1
100851,2,10071,11.98,1
100851,3,10001,3.3,5
100852,1,10001,3.3,1
100853,1,10001,3.3,1
100853,2,10002,13.76,2
100854,1,10002,13.76,1
100854,3,10004,12.77,1
100854,2,10003,11.76,3
100855,1,10004,12.77,1
100856,1,10004,12.77,5
100856,2,10005,18.47,1
100857,1,10005,18.47,1
100857,3,10007,3.8,1
100857,2,10006,5.24,2
100858,1,10007,3.8,3
100859,1,10007,3.8,1
100859,2,10008,4.04,1
100860,1,10008,4.04,5
100860,2,10009,3.47,1
100860,3,10010,14.4,1
100861,1,10010,14.4,2
100862,1,10010,14.4,1
100862,2,10011,65.83,3
100863,1,10011,65.83,1
100863,2,10012,6.38,1
100863,3,10013,14.42,5
100864,1,10013,14.42,1
100865,1,10013,14.42,1
100865,2,10014,6.1,2
100866,1,10014,6.1,1
100866,3,10016,7.79,1
100866,2,10015,5.19,3
100867,1,10016,7.79,1
100868,1,10016,7.79,5
100868,2,10017,21.31,1
100869,1,10017,21.31,1
100869,3,10019,6.89,1
100869,2,10018,2.07,2
100870,1,10019,6.89,3
100871,1,10019,6.89,1
100871,2,10020,4.24,1
100872,1,10020,4.24,5
100872,2,10021,6.37,1
100872,3,10022,7.04,1
100873,1,10022,7.04,2
100874,1,10022,7.04,1
100874,2,10023,5.69,3
100875,1,10023,5.69,1
100875,2,10024,4.16,1
100875,3,10025,5.87,5
100876,1,10025,5.87,1
100877,1,10025,5.87,1
100877,2,10026,2.63,2
100878,1,10026,2.63,1
100878,2,10027,3.23,3
100878,3,10028,7.11,1
100879,1,10028,7.11,1
100880,1,10028,7.11,5
100880,2,10029,7.35,1
100881,1,10029,7.35,1
100881,2,10030,5.2,2
100881,3,10031,4.52,1
100882,1,10031,4.52,3
100883,1,10031,4.52,1
100883,2,10032,2.54,1
100884,1,10032,2.54,5
100884,2,10033,1.51,1
100884,3,10034,21.36,1
100885,1,10034,21.36,2
100886,1,10034,21.36,1
100886,2,10035,52.78,3
100887,1,10035,52.78,1
100887,2,10036,8.03,1
100887,3,10037,25.05,5
100888,1,10037,25.05,1
100889,1,10037,25.05,1
100889,2,10038,32.54,2
100890,1,10038,32.54,1
100890,2,10039,29.64,3
100890,3,10040,8.54,1
100891,1,10040,8.54,1
100892,1,10040,8.54,5
100892,2,10041,10.58,1
100893,1,10041,10.58,1
100893,2,10042,28.04,2
100893,3,10043,26.99,1
100894,1,10043,26.99,3
100895,1,10043,26.99,1
100895,2,10044,30.91,1
100896,1,10044,30.91,5
100896,2,10045,7.72,1
100896,3,10046,4.56,1
100897,1,10046,4.56,2
100898,1,10046,4.56,1
100898,2,10047,59.8,3
100899,1,10047,59.8,1
100899,2,10048,44.2,1
100899,3,10049,26.39,5
100900,1,10049,26.39,1
100901,1,10049,26.39,1
100901,2,10050,5.62,2
100902,1,10050,5.62,1
100902,2,10051,4.8,3
100902,3,10052,9.14,1
100903,1,10052,9.14,1
100904,1,10052,9.14,5
100904,2,10053,5.11,1
100905,1,10053,5.11,1
100905,2,10054,14.06,2
100905,3,10055,8.48,1
100906,1,10055,8.48,3
100907,1,10055,8.48,1
100907,2,10056,1.83,1
100908,1,10056,1.83,5
100908,2,10057,12.94,1
100908,3,10058,3.15,1
100909,1,10058,3.15,2
100910,1,10058,3.15,1
100910,2,10059,3.88,3
100911,1,10059,3.88,1
100911,2,10060,6.23,1
100911,3,10061,2.58,5
100912,1,10061,2.58,1
100913,1,10061,2.58,1
100913,2,10062,2.43,2
100914,1,10062,2.43,1
100914,2,10063,3.83,3
100914,3,10064,4.99,1
100915,1,10064,4.99,1
100916,1,10064,4.99,5
100916,2,10065,3.04,1
100917,1,10065,3.04,1
100917,2,10066,1.26,2
100917,3,10067,6.5,1
100918,1,10067,6.5,3
100919,1,10067,6.5,1
100919,2,10068,7.44,1
100920,1,10068,7.44,5
100920,2,10069,8.04,1
100920,3,10070,11.98,1
100921,1,10070,11.98,2
100922,1,10070,11.98,1
100922,2,10071,11.98,3
100923,1,10071,11.98,1
100923,2,10001,3.3,1
100923,3,10002,13.76,5
100924,1,10002,13.76,1
100925,1,10002,13.76,1
100925,2,10003,11.76,2
100926,1,10003,11.76,1
100926,2,10004,12.77,3
100926,3,10005,18.47,1
100927,1,10005,18.47,1
100928,1,10005,18.47,5
100928,2,10006,5.24,1
100929,1,10006,5.24,1
100929,2,10007,3.8,2
100929,3,10008,4.04,1
100930,1,10008,4.04,3
100931,1,10008,4.04,1
100931,2,10009,3.47,1
100932,1,10009,3.47,5
100932,2,10010,14.4,1
100932,3,10011,65.83,1
100933,1,10011,65.83,2
100934,1,10011,65.83,1
100934,2,10012,6.38,3
100935,1,10012,6.38,1
100935,2,10013,14.42,1
100935,3,10014,6.1,5
100936,1,10014,6.1,1
100937,1,10014,6.1,1
100937,2,10015,5.19,2
100938,1,10015,5.19,1
100938,2,10016,7.79,3
100938,3,10017,21.31,1
100939,1,10017,21.31,1
100940,1,10017,21.31,5
100940,2,10018,2.07,1
100941,1,10018,2.07,1
100941,2,10019,6.89,2
100941,3,10020,4.24,1
100942,1,10020,4.24,3
100943,1,10020,4.24,1
100943,2,10021,6.37,1
100944,1,10021,6.37,5
100944,2,10022,7.04,1
100944,3,10023,5.69,1
100945,1,10023,5.69,2
100946,1,10023,5.69,1
100946,2,10024,4.16,3
100947,1,10024,4.16,1
100947,2,10025,5.87,1
100947,3,10026,2.63,5
100948,1,10026,2.63,1
100949,1,10026,2.63,1
100949,2,10027,3.23,2
100950,1,10027,3.23,1
100950,2,10028,7.11,3
100950,3,10029,7.35,1
100951,1,10029,7.35,1
100952,1,10029,7.35,5
100952,2,10030,5.2,1
100953,1,10030,5.2,1
100953,2,10031,4.52,2
100953,3,10032,2.54,1
100954,1,10032,2.54,3
100955,1,10032,2.54,1
100955,2,10033,1.51,1
100956,1,10033,1.51,5
100956,2,10034,21.36,1
100956,3,10035,52.78,1
100957,1,10035,52.78,2
100958,1,10035,52.78,1
100958,2,10036,8.03,3
100959,1,10036,8.03,1
100959,2,10037,25.05,1
100959,3,10038,32.54,5
100960,1,10038,32.54,1
100961,1,10038,32.54,1
100961,2,10039,29.64,2
100962,1,10039,29.64,1
100962,2,10040,8.54,3
100962,3,10041,10.58,1
100963,1,10041,10.58,1
100964,1,10041,10.58,5
100964,2,10042,28.04,1
100965,1,10042,28.04,1
100965,2,10043,26.99,2
100965,3,10044,30.91,1
100966,1,10044,30.91,3
100967,1,10044,30.91,1
100967,2,10045,7.72,1
100968,1,10045,7.72,5
100968,2,10046,4.56,1
100968,3,10047,59.8,1
100969,1,10047,59.8,2
100970,1,10047,59.8,1
100970,2,10048,44.2,3
100971,1,10048,44.2,1
100971,2,10049,26.39,1
100971,3,10050,5.62,5
100972,1,10050,5.62,1
100973,1,10050,5.62,1
100973,2,10051,4.8,2
100974,1,10051,4.8,1
100974,2,10052,9.14,3
100974,3,10053,5.11,1
100975,1,10053,5.11,1
100976,1,10053,5.11,5
100976,2,10054,14.06,1
100977,1,10054,14.06,1
100977,2,10055,8.48,2
100977,3,10056,1.83,1
100978,1,10056,1.83,3
100979,1,10056,1.83,1
100979,2,10057,12.94,1
100980,1,10057,12.94,5
100980,2,10058,3.15,1
100980,3,10059,3.88,1
100981,1,10059,3.88,2
100982,1,10059,3.88,1
100982,2,10060,6.23,3
100983,1,10060,6.23,1
100983,2,10061,2.58,1
100983,3,10062,2.43,5
100984,1,10062,2.43,1
100985,1,10062,2.43,1
100985,2,10063,3.83,2
100986,1,10063,3.83,1
100986,2,10064,4.99,3
100986,3,10065,3.04,1
100987,1,10065,3.04,1
100988,1,10065,3.04,5
100988,2,10066,1.26,1
100989,1,10066,1.26,1
100989,2,10067,6.5,2
100989,3,10068,7.44,1
100990,1,10068,7.44,3
100991,1,10068,7.44,1
100991,2,10069,8.04,1
100992,1,10069,8.04,5
100992,2,10070,11.98,1
100992,3,10071,11.98,1
100993,1,10071,11.98,2
100994,1,10071,11.98,1
100994,2,10001,3.3,3
100995,1,10001,3.3,1
100995,2,10002,13.76,1
100995,3,10003,11.76,5
100996,1,10003,11.76,1
100997,1,10003,11.76,1
100997,2,10004,12.77,2
100998,1,10004,12.77,1
100998,2,10005,18.47,3
100998,3,10006,5.24,1
100999,1,10006,5.24,1
