100236,'04-JUL-00',direct,10001,4,38.48,165,1
100943,'11-DEC-00',online,10001,7,10.61,165,2
100000,'11-JAN-99',online,10001,10,3.3,165,1
100001,'11-JAN-99',direct,10001,9,30.82,165,1
100002,'11-JAN-99',online,10001,8,61.81,165,1
100707,'20-JUN-99',online,10001,3,75.38,165,1
100472,'27-DEC-99',online,10001,8,82.6,165,1
100473,'06-JAN-00',online,10002,4,174.59,166,2
100237,'14-JUL-00',online,10002,6,11.74,166,1
100944,'21-DEC-00',online,10002,2,44.58,166,1
100003,'21-JAN-99',online,10002,4,12.77,166,2
100708,'30-JUN-99',online,10002,4,11.98,166,2
100709,'10-JUL-99',online,10003,3,35.94,167,1
100474,'16-JAN-00',online,10003,8,79.17,167,1
100238,'24-JUL-00',online,10003,6,13.76,167,2
100945,'31-DEC-00',online,10003,5,11.38,167,1
100004,'31-JAN-99',online,10003,8,82.32,167,1
100239,'03-AUG-00',online,10004,4,41.41,168,1
100005,'10-FEB-99',online,10004,10,32.75,168,1
100946,'11-JAN-99',direct,10004,6,18.17,168,1
100710,'20-JUL-99',online,10004,10,35.64,168,1
100711,'20-JUL-99',direct,10004,6,13.76,168,1
100475,'26-JAN-00',online,10004,10,32.01,168,1
100476,'05-FEB-00',direct,10005,10,42.04,169,1
100240,'13-AUG-00',online,10005,10,7.11,169,1
100241,'13-AUG-00',direct,10005,5,21.81,169,1
100242,'13-AUG-00',online,10005,10,27.47,169,1
100006,'20-FEB-99',direct,10005,10,11.4,169,1
100947,'21-JAN-99',online,10005,5,23.18,169,1
100712,'30-JUL-99',online,10005,10,80.56,169,1
100007,'02-MAR-99',online,10006,8,7.84,170,1
100713,'09-AUG-99',online,10006,2,55.77,170,2
100477,'15-FEB-00',online,10006,8,18.28,170,1
100243,'23-AUG-00',online,10006,2,4.52,170,2
100948,'31-JAN-99',online,10006,2,2.63,170,2
100244,'02-SEP-00',online,10007,2,25.14,171,1
100949,'10-FEB-99',online,10007,7,9.09,171,1
100008,'12-MAR-99',online,10007,4,38.07,171,2
100714,'19-AUG-99',online,10007,2,55.41,171,1
100478,'25-FEB-00',online,10007,4,24.47,171,2
100479,'06-MAR-00',online,10008,8,61.57,172,1
100245,'12-SEP-00',online,10008,10,26.92,172,1
100950,'20-FEB-99',online,10008,10,31.91,172,1
100951,'20-FEB-99',direct,10008,2,7.35,172,1
100009,'22-MAR-99',online,10008,8,28.8,172,1
100715,'29-AUG-99',online,10008,10,23.71,172,1
100010,'01-APR-99',online,10009,10,211.89,173,1
100011,'01-APR-99',direct,10009,1,144.31,173,1
100952,'02-MAR-99',online,10009,2,41.95,173,1
100716,'08-SEP-99',direct,10009,6,34.04,173,1
100480,'16-MAR-00',online,10009,10,8.48,173,1
100481,'16-MAR-00',direct,10009,1,12.14,173,1
100482,'16-MAR-00',online,10009,2,43.8,173,1
100246,'22-SEP-00',direct,10009,6,64.08,173,1
100247,'02-OCT-00',online,10010,10,74.14,164,1
100012,'11-APR-99',online,10010,10,14.42,164,1
100953,'12-MAR-99',online,10010,10,16.78,164,2
100717,'18-SEP-99',online,10010,10,8.08,164,1
100483,'26-MAR-00',online,10010,10,3.15,164,2
100484,'05-APR-00',online,10011,6,19.63,165,1
100248,'12-OCT-00',online,10011,2,296.98,165,2
100013,'21-APR-99',online,10011,7,26.62,165,2
100954,'22-MAR-99',online,10011,6,7.62,165,1
100718,'28-SEP-99',online,10011,2,14.45,165,2
100955,'01-APR-99',online,10012,10,4.05,166,1
100014,'01-MAY-99',online,10012,2,29.46,166,1
100719,'08-OCT-99',online,10012,2,347.02,166,1
100485,'15-APR-00',online,10012,10,18.92,166,1
100249,'22-OCT-00',online,10012,2,50.1,166,1
100250,'01-NOV-00',online,10013,10,122.67,167,1
100251,'01-NOV-00',direct,10013,7,104.88,167,1
100956,'11-APR-99',direct,10013,2,81.69,167,1
100015,'11-MAY-99',online,10013,5,7.79,167,1
100720,'18-OCT-99',online,10013,10,65.83,167,1
100721,'18-OCT-99',direct,10013,7,78.59,167,1
100722,'18-OCT-99',online,10013,4,55.74,167,1
100486,'25-APR-00',direct,10013,2,7.74,167,1
100487,'05-MAY-00',online,10014,2,5.01,168,1
100252,'11-NOV-00',online,10014,2,8.54,168,1
100957,'21-APR-99',online,10014,2,105.56,168,1
100016,'21-MAY-99',direct,10014,6,60.26,168,1
100723,'28-OCT-99',online,10014,8,6.1,168,2
100958,'01-MAY-99',online,10015,10,76.87,169,2
100724,'07-NOV-99',online,10015,10,35.69,169,1
100488,'15-MAY-00',online,10015,10,20.97,169,2
100253,'21-NOV-00',online,10015,5,29.7,169,2
100017,'31-MAY-99',online,10015,5,32.34,169,1
100254,'01-DEC-00',online,10016,6,121.69,170,1
100018,'10-JUN-99',online,10016,2,20.67,170,2
100959,'11-MAY-99',online,10016,6,195.78,170,1
100725,'17-NOV-99',online,10016,10,42.08,170,1
100489,'25-MAY-00',online,10016,6,9.98,170,1
100490,'04-JUN-00',online,10017,10,14.11,171,1
100491,'04-JUN-00',direct,10017,3,36.8,171,1
100255,'11-DEC-00',online,10017,5,26.99,171,1
100019,'20-JUN-99',online,10017,7,11.13,171,1
100960,'21-MAY-99',online,10017,10,32.54,171,1
100961,'21-MAY-99',direct,10017,3,91.82,171,1
100962,'21-MAY-99',online,10017,6,65.84,171,1
100726,'27-NOV-99',direct,10017,8,63.93,171,1
100727,'07-DEC-99',online,10018,4,23.38,172,1
100492,'14-JUN-00',online,10018,4,6.5,172,1
100256,'21-DEC-00',direct,10018,2,165.86,172,1
100020,'30-JUN-99',online,10018,10,34.61,172,1
100021,'30-JUN-99',direct,10018,2,14.08,172,1
100022,'30-JUN-99',online,10018,4,24.11,172,1
100963,'31-MAY-99',online,10018,6,10.58,172,2
100023,'10-JUL-99',online,10019,3,39.2,173,2
100964,'10-JUN-99',online,10019,4,80.94,173,1
100728,'17-DEC-99',online,10019,8,21.48,173,2
100493,'24-JUN-00',online,10019,3,21.38,173,2
100257,'31-DEC-00',online,10019,7,50.91,173,1
100494,'04-JUL-00',online,10020,10,43.54,164,1
100258,'11-JAN-99',online,10020,10,13.68,164,2
100024,'20-JUL-99',online,10020,10,5.87,164,1
100965,'20-JUN-99',online,10020,10,112.93,164,1
100729,'27-DEC-99',online,10020,10,8.48,164,1
100730,'06-JAN-00',online,10021,10,23.35,165,1
100731,'06-JAN-00',direct,10021,9,41.86,165,1
100495,'14-JUL-00',online,10021,5,11.98,165,1
100259,'21-JAN-99',online,10021,1,64.36,165,1
100025,'30-JUL-99',online,10021,5,11.13,165,1
100966,'30-JUN-99',direct,10021,4,92.73,165,1
100026,'09-AUG-99',direct,10022,8,19.43,166,1
100967,'10-JUL-99',online,10022,6,38.63,166,1
100732,'16-JAN-00',online,10022,6,5.69,166,1
100496,'24-JUL-00',direct,10022,8,71.88,166,1
100260,'31-JAN-99',online,10022,10,369.59,166,1
100261,'31-JAN-99',direct,10022,8,52.78,166,1
100262,'31-JAN-99',online,10022,6,43.25,166,1
100497,'03-AUG-00',online,10023,9,32.34,167,1
100263,'10-FEB-99',online,10023,1,56.12,167,2
100027,'19-AUG-99',online,10023,9,7.11,167,1
100968,'20-JUL-99',online,10023,6,102.96,167,2
100733,'26-JAN-00',online,10023,1,14.01,167,2
100734,'05-FEB-00',online,10024,4,24.4,168,1
100498,'13-AUG-00',online,10024,8,41.28,168,2
100264,'20-FEB-99',online,10024,4,9.14,168,1
100028,'29-AUG-99',online,10024,8,42.9,168,2
100969,'30-JUL-99',online,10024,4,119.6,168,1
100265,'02-MAR-99',online,10025,5,19.36,169,1
100029,'08-SEP-99',online,10025,5,22.27,169,1
100970,'09-AUG-99',online,10025,10,192.4,169,1
100971,'09-AUG-99',direct,10025,5,98.69,169,1
100735,'15-FEB-00',online,10025,5,2.63,169,1
100499,'23-AUG-00',online,10025,5,25.52,169,1
100500,'02-SEP-00',online,10026,10,90.04,170,1
100501,'02-SEP-00',direct,10026,4,36.94,170,1
100502,'02-SEP-00',online,10026,8,34.19,170,1
100266,'12-MAR-99',direct,10026,4,55.77,170,1
100030,'18-SEP-99',online,10026,10,13.56,170,1
100031,'18-SEP-99',direct,10026,4,7.06,170,1
100972,'19-AUG-99',online,10026,8,5.62,170,1
100736,'25-FEB-00',direct,10026,4,16.38,170,1
100737,'06-MAR-00',online,10027,1,24.8,171,1
100503,'12-SEP-00',online,10027,9,29.24,171,2
100267,'22-MAR-99',online,10027,1,8.48,171,1
100032,'28-SEP-99',online,10027,6,35.57,171,1
100973,'29-AUG-99',online,10027,9,15.22,171,2
100268,'01-APR-99',online,10028,6,44.23,172,2
100033,'08-OCT-99',online,10028,6,42.72,172,2
100974,'08-SEP-99',online,10028,8,37.33,172,1
100738,'16-MAR-00',online,10028,6,22.05,172,2
100504,'22-SEP-00',online,10028,8,4.04,172,1
100505,'02-OCT-00',online,10029,5,10.98,173,1
100269,'11-APR-99',online,10029,9,30.86,173,1
100034,'18-OCT-99',online,10029,4,179.7,173,1
100975,'18-SEP-99',online,10029,5,5.11,173,1
100739,'26-MAR-00',online,10029,9,12.55,173,1
100740,'05-APR-00',online,10030,10,33.06,164,1
100741,'05-APR-00',direct,10030,10,5.08,164,1
100742,'05-APR-00',online,10030,10,7.07,164,1
100506,'12-OCT-00',direct,10030,10,112.5,164,1
100270,'21-APR-99',online,10030,10,9.45,164,1
100271,'21-APR-99',direct,10030,10,7.03,164,1
100035,'28-OCT-99',online,10030,10,186.06,164,1
100976,'28-SEP-99',direct,10030,10,39.61,164,1
100272,'01-MAY-99',online,10031,8,28.21,165,1
100036,'07-NOV-99',direct,10031,4,25.05,165,1
100977,'08-OCT-99',online,10031,3,32.85,165,1
100743,'15-APR-00',online,10031,7,286.77,165,2
100507,'22-OCT-00',online,10031,3,65.83,165,1
100508,'01-NOV-00',online,10032,4,335.53,166,2
100273,'11-MAY-99',online,10032,4,5.16,166,2
100037,'17-NOV-99',online,10032,6,90.13,166,1
100978,'18-OCT-99',online,10032,4,5.49,166,2
100744,'25-APR-00',online,10032,2,52.78,166,1
100745,'05-MAY-00',online,10033,5,68.84,167,1
100509,'11-NOV-00',online,10033,3,41.32,167,1
100274,'21-MAY-99',online,10033,8,9.87,167,1
100038,'27-NOV-99',online,10033,6,130,167,2
100979,'28-OCT-99',online,10033,3,14.77,167,1
100039,'07-DEC-99',online,10034,4,8.54,168,1
100980,'07-NOV-99',online,10034,10,71.73,168,1
100981,'07-NOV-99',direct,10034,6,7.76,168,1
100982,'07-NOV-99',online,10034,2,22.57,168,1
100746,'15-MAY-00',direct,10034,6,115.72,168,1
100510,'21-NOV-00',online,10034,10,18.3,168,1
100511,'21-NOV-00',direct,10034,6,11.29,168,1
100275,'31-MAY-99',online,10034,10,31.21,168,1
100512,'01-DEC-00',online,10035,10,55.05,169,1
100276,'10-JUN-99',direct,10035,10,4.99,169,1
100040,'17-DEC-99',online,10035,10,53.28,169,1
100041,'17-DEC-99',direct,10035,5,93.65,169,1
100042,'17-DEC-99',online,10035,10,80.97,169,1
100983,'17-NOV-99',online,10035,5,20.96,169,2
100747,'25-MAY-00',online,10035,5,32.54,169,1
100748,'04-JUN-00',online,10036,2,192.34,170,2
100513,'11-DEC-00',online,10036,2,42.62,170,2
100277,'20-JUN-99',online,10036,8,11.07,170,1
100043,'27-DEC-99',online,10036,2,57.9,170,2
100984,'27-NOV-99',online,10036,6,2.43,170,1
100044,'06-JAN-00',online,10037,2,166.83,171,1
100985,'07-DEC-99',online,10037,5,10.09,171,1
100749,'14-JUN-00',online,10037,7,57.3,171,1
100514,'21-DEC-00',online,10037,2,27.52,171,1
100278,'30-JUN-99',online,10037,4,13.32,171,2
100279,'10-JUL-99',online,10038,8,6.5,172,1
100045,'16-JAN-00',online,10038,10,9.12,172,1
100986,'17-DEC-99',direct,10038,2,21.84,172,1
100750,'24-JUN-00',online,10038,10,31.74,172,1
100751,'24-JUN-00',direct,10038,2,38.62,172,1
100515,'31-DEC-00',online,10038,10,30.16,172,1
100752,'04-JUL-00',online,10039,2,198.1,173,1
100516,'11-JAN-99',direct,10039,6,4.24,173,1
100280,'20-JUL-99',online,10039,10,39.94,173,1
100281,'20-JUL-99',direct,10039,1,35.5,173,1
100282,'20-JUL-99',online,10039,2,35.94,173,1
100046,'26-JAN-00',direct,10039,6,183.96,173,1
100987,'27-DEC-99',online,10039,7,3.04,173,1
100047,'05-FEB-00',online,10040,10,235.95,164,1
100988,'06-JAN-00',online,10040,10,16.46,164,2
100753,'14-JUL-00',online,10040,10,61.82,164,2
100517,'21-JAN-99',online,10040,10,16.98,164,1
100283,'30-JUL-99',online,10040,10,23.96,164,2
100284,'09-AUG-99',online,10041,6,76.96,165,1
100048,'15-FEB-00',online,10041,2,26.39,165,2
100989,'16-JAN-00',online,10041,1,21.7,165,1
100754,'24-JUL-00',online,10041,6,54.07,165,1
100518,'31-JAN-99',online,10041,2,33.18,165,2
100755,'03-AUG-00',online,10042,10,311.28,166,1
100519,'10-FEB-99',online,10042,2,5.69,166,1
100285,'19-AUG-99',online,10042,10,27.52,166,1
100049,'25-FEB-00',online,10042,2,37.63,166,1
100990,'26-JAN-00',online,10042,10,22.32,166,1
100991,'26-JAN-00',direct,10042,8,15.48,166,1
100992,'05-FEB-00',online,10043,4,64.16,167,1
100050,'06-MAR-00',online,10043,10,29.16,167,1
100051,'06-MAR-00',direct,10043,7,9.14,167,1
100756,'13-AUG-00',direct,10043,2,59.8,167,1
100520,'20-FEB-99',online,10043,10,32.61,167,1
100521,'20-FEB-99',direct,10043,7,18.53,167,1
100522,'20-FEB-99',online,10043,4,7.89,167,1
100286,'29-AUG-99',direct,10043,2,49.04,167,1
100523,'02-MAR-99',online,10044,8,5.86,168,2
100287,'08-SEP-99',online,10044,2,116.88,168,1
100993,'15-FEB-00',online,10044,8,23.96,168,2
100052,'16-MAR-00',online,10044,2,50.81,168,1
100757,'23-AUG-00',online,10044,2,148.2,168,1
100758,'02-SEP-00',online,10045,10,128.99,169,2
100524,'12-MAR-99',online,10045,10,30.61,169,1
100288,'18-SEP-99',online,10045,10,18.47,169,2
100994,'25-FEB-00',online,10045,10,21.88,169,1
100053,'26-MAR-00',online,10045,5,41.71,169,2
100054,'05-APR-00',online,10046,6,25.44,170,1
100995,'06-MAR-00',online,10046,10,75.86,170,1
100759,'12-SEP-00',online,10046,6,5.62,170,1
100525,'22-MAR-99',online,10046,10,14.7,170,1
100289,'28-SEP-99',online,10046,6,28.95,170,1
100526,'01-APR-99',direct,10047,8,22.95,171,1
100290,'08-OCT-99',online,10047,10,20.68,171,1
100291,'08-OCT-99',direct,10047,3,4.04,171,1
100055,'15-APR-00',online,10047,5,10.31,171,1
100996,'16-MAR-00',direct,10047,8,11.76,171,1
100760,'22-SEP-00',online,10047,10,32.9,171,1
100761,'22-SEP-00',direct,10047,3,28.19,171,1
100762,'22-SEP-00',online,10047,6,15.33,171,1
100763,'02-OCT-00',online,10048,6,19.17,172,2
100527,'11-APR-99',online,10048,4,22.42,172,1
100292,'18-OCT-99',online,10048,4,23.67,172,1
100056,'25-APR-00',direct,10048,2,25.24,172,1
100997,'26-MAR-00',online,10048,4,37.3,172,1
100998,'05-APR-00',online,10049,8,73.42,173,2
100057,'05-MAY-00',online,10049,7,6.3,173,1
100764,'12-OCT-00',online,10049,4,80.61,173,1
100528,'21-APR-99',online,10049,8,2.54,173,2
100293,'28-OCT-99',online,10049,3,98.1,173,2
100529,'01-MAY-99',online,10050,10,5.56,164,1
100294,'07-NOV-99',online,10050,10,197.49,164,1
100999,'15-APR-00',online,10050,10,5.24,164,1
100058,'15-MAY-00',online,10050,10,14.79,164,2
100765,'22-OCT-00',online,10050,10,3.66,164,1
100766,'01-NOV-00',direct,10051,4,40.65,165,1
100530,'11-MAY-99',online,10051,10,118.37,165,1
100531,'11-MAY-99',direct,10051,9,52.78,165,1
100295,'17-NOV-99',online,10051,5,72.21,165,1
100059,'25-MAY-00',online,10051,1,23.01,165,1
100060,'04-JUN-00',online,10052,10,2.58,166,1
100061,'04-JUN-00',direct,10052,8,7.44,166,1
100062,'04-JUN-00',online,10052,6,18.91,166,1
100767,'11-NOV-00',online,10052,6,35.49,166,1
100532,'21-MAY-99',online,10052,6,271.93,166,1
100296,'27-NOV-99',direct,10052,8,52.42,166,1
100297,'07-DEC-99',online,10053,9,12.2,167,1
100063,'14-JUN-00',online,10053,1,4.99,167,2
100768,'21-NOV-00',online,10053,6,3.88,167,2
100533,'31-MAY-99',online,10053,1,90.67,167,2
100769,'01-DEC-00',online,10054,4,16.34,168,1
100534,'10-JUN-99',online,10054,4,97.62,168,1
100298,'17-DEC-99',online,10054,8,21.67,168,2
100064,'24-JUN-00',online,10054,4,27.99,168,1
100065,'04-JUL-00',online,10055,5,12.06,169,1
100770,'11-DEC-00',online,10055,10,16.4,169,1
100771,'11-DEC-00',direct,10055,5,2.43,169,1
100535,'20-JUN-99',online,10055,5,62.18,169,1
100299,'27-DEC-99',online,10055,5,119.53,169,1
100300,'06-JAN-00',online,10056,10,21.31,170,1
100301,'06-JAN-00',direct,10056,4,25.45,170,1
100302,'06-JAN-00',online,10056,8,26.98,170,1
100066,'14-JUL-00',direct,10056,4,19.5,170,1
100772,'21-DEC-00',online,10056,8,15.98,170,1
100536,'30-JUN-99',direct,10056,4,167.32,170,1
100537,'10-JUL-99',online,10057,1,21.16,171,1
100303,'16-JAN-00',online,10057,9,4.24,171,2
100067,'24-JUL-00',online,10057,1,13.94,171,1
100773,'31-DEC-00',online,10057,9,16.85,171,2
100068,'03-AUG-00',online,10058,6,57.22,172,2
100774,'11-JAN-99',online,10058,8,9.12,172,1
100538,'20-JUL-99',online,10058,6,94.7,172,2
100304,'26-JAN-00',online,10058,8,27.57,172,1
100305,'05-FEB-00',online,10059,5,26.14,173,1
100069,'13-AUG-00',online,10059,9,23.96,173,1
100775,'21-JAN-99',online,10059,5,4.3,173,1
100539,'30-JUL-99',online,10059,9,209.58,173,1
100540,'09-AUG-99',online,10060,10,30.91,164,1
100541,'09-AUG-99',direct,10060,10,46.35,164,1
100542,'09-AUG-99',online,10060,10,81.2,164,1
100306,'15-FEB-00',direct,10060,10,17.07,164,1
100070,'23-AUG-00',online,10060,10,47.92,164,1
100071,'23-AUG-00',direct,10060,10,84.08,164,1
100776,'31-JAN-99',direct,10060,10,20.24,164,1
100072,'02-SEP-00',online,10061,8,13.76,165,1
100777,'10-FEB-99',online,10061,3,14.88,165,1
100543,'19-AUG-99',online,10061,7,59.8,165,2
100307,'25-FEB-00',online,10061,3,9.85,165,1
100308,'06-MAR-00',online,10062,4,29.3,166,2
100073,'12-SEP-00',online,10062,4,37.28,166,2
100778,'20-FEB-99',online,10062,4,31.56,166,2
100544,'29-AUG-99',online,10062,2,343.2,166,1
100779,'02-MAR-99',online,10063,3,79.92,167,1
100545,'08-SEP-99',online,10063,5,102.6,167,1
100309,'16-MAR-00',online,10063,3,5.26,167,1
100074,'22-SEP-00',online,10063,8,68.54,167,1
100075,'02-OCT-00',online,10064,10,18.47,168,1
100780,'12-MAR-99',online,10064,10,11.98,168,1
100781,'12-MAR-99',direct,10064,6,18.58,168,1
100782,'12-MAR-99',online,10064,2,56.34,168,1
100546,'18-SEP-99',direct,10064,6,16.86,168,1
100310,'26-MAR-00',online,10064,10,12.32,168,1
100311,'26-MAR-00',direct,10064,6,47.09,168,1
100312,'05-APR-00',online,10065,10,7.35,169,1
100076,'12-OCT-00',direct,10065,10,97.59,169,1
100783,'22-MAR-99',online,10065,5,11.76,169,2
100547,'28-SEP-99',online,10065,5,10.42,169,1
100784,'01-APR-99',online,10066,6,71.57,170,1
100548,'08-OCT-99',online,10066,2,38.25,170,2
100313,'15-APR-00',online,10066,2,17.75,170,2
100077,'22-OCT-00',online,10066,8,16.88,170,1
100078,'01-NOV-00',online,10067,4,12.12,171,2
100785,'11-APR-99',online,10067,5,54.95,171,1
100549,'18-OCT-99',online,10067,7,10.22,171,1
100314,'25-APR-00',online,10067,2,21.3,171,1
100315,'05-MAY-00',online,10068,10,2.54,172,1
100079,'11-NOV-00',online,10068,8,7.51,172,1
100786,'21-APR-99',direct,10068,2,15.72,172,1
100550,'28-OCT-99',online,10068,10,47.29,172,1
100551,'28-OCT-99',direct,10068,2,31.69,172,1
100787,'01-MAY-99',online,10069,7,9.04,173,1
100552,'07-NOV-99',online,10069,2,1.83,173,1
100316,'15-MAY-00',direct,10069,6,14.21,173,1
100080,'21-NOV-00',online,10069,10,97.58,173,1
100081,'21-NOV-00',direct,10069,1,131.66,173,1
100082,'21-NOV-00',online,10069,2,84.97,173,1
100083,'01-DEC-00',online,10070,10,51.3,164,2
100788,'11-MAY-99',online,10070,10,26.51,164,2
100553,'17-NOV-99',online,10070,10,27.71,164,2
100317,'25-MAY-00',online,10070,10,97.01,164,1
100318,'04-JUN-00',online,10071,2,158.34,165,2
100084,'11-DEC-00',online,10071,6,6.1,165,1
100789,'21-MAY-99',online,10071,1,6.94,165,1
100554,'27-NOV-99',online,10071,6,26.27,165,1
100555,'07-DEC-99',online,10072,10,3.88,166,1
100319,'14-JUN-00',online,10072,2,60.81,166,1
100085,'21-DEC-00',online,10072,10,16.48,166,1
100790,'31-MAY-99',online,10072,10,46.67,166,1
100791,'31-MAY-99',direct,10072,8,112.13,166,1
100792,'10-JUN-99',online,10073,4,6.38,167,1
100556,'17-DEC-99',direct,10073,2,25.63,167,1
100320,'24-JUN-00',online,10073,10,97.74,167,1
100321,'24-JUN-00',direct,10073,7,65.08,167,1
100322,'24-JUN-00',online,10073,4,121.46,167,1
100086,'31-DEC-00',direct,10073,2,49.87,167,1
100323,'04-JUL-00',online,10074,8,91.08,168,2
100087,'11-JAN-99',online,10074,2,21.31,168,1
100793,'20-JUN-99',online,10074,8,35.22,168,2
100557,'27-DEC-99',online,10074,2,13.82,168,1
100558,'06-JAN-00',online,10075,10,7.29,169,2
100324,'14-JUL-00',online,10075,10,10.58,169,1
100088,'21-JAN-99',online,10075,10,108.62,169,2
100794,'30-JUN-99',online,10075,10,37.91,169,1
100795,'10-JUL-99',online,10076,10,5.19,170,1
100559,'16-JAN-00',online,10076,6,6.26,170,1
100325,'24-JUL-00',online,10076,10,66.66,170,1
100089,'31-JAN-99',online,10076,6,20.09,170,1
100326,'03-AUG-00',direct,10077,8,139.92,171,1
100090,'10-FEB-99',online,10077,10,12.72,171,1
100091,'10-FEB-99',direct,10077,3,10.61,171,1
100796,'20-JUL-99',direct,10077,8,33.74,171,1
100560,'26-JAN-00',online,10077,10,27.18,171,1
100561,'26-JAN-00',direct,10077,3,6.08,171,1
100562,'26-JAN-00',online,10077,6,6.82,171,1
100563,'05-FEB-00',online,10078,6,44.96,172,2
100327,'13-AUG-00',online,10078,4,30.91,172,1
100092,'20-FEB-99',online,10078,4,44.58,172,1
100797,'30-JUL-99',online,10078,4,52.48,172,1
100093,'02-MAR-99',online,10079,3,11.38,173,2
100798,'09-AUG-99',online,10079,8,6.21,173,2
100564,'15-FEB-00',online,10079,4,7.44,173,1
100328,'23-AUG-00',online,10079,8,162.27,173,2
100329,'02-SEP-00',online,10080,10,76.64,164,1
100094,'12-MAR-99',online,10080,10,18.17,164,1
100799,'19-AUG-99',online,10080,10,8.96,164,1
100565,'25-FEB-00',online,10080,10,23.52,164,1
100566,'06-MAR-00',direct,10081,4,55.96,165,1
100330,'12-SEP-00',online,10081,10,179.4,165,1
100331,'12-SEP-00',direct,10081,9,104,165,1
100095,'22-MAR-99',online,10081,5,23.18,165,1
100800,'29-AUG-99',online,10081,10,45.06,165,1
100801,'29-AUG-99',direct,10081,9,12.74,165,1
100802,'29-AUG-99',online,10081,8,27.49,165,1
100096,'01-APR-99',direct,10082,8,2.63,166,1
100803,'08-SEP-99',online,10082,4,33.53,166,2
100567,'16-MAR-00',online,10082,6,11.98,166,1
100332,'22-SEP-00',online,10082,6,253.01,166,1
100333,'02-OCT-00',online,10083,1,11.24,167,2
100097,'11-APR-99',online,10083,9,9.09,167,1
100804,'18-SEP-99',online,10083,8,4.16,167,1
100568,'26-MAR-00',online,10083,6,63.2,167,2
100569,'05-APR-00',online,10084,4,42.58,168,1
100334,'12-OCT-00',online,10084,4,20.02,168,1
100098,'21-APR-99',online,10084,8,31.91,168,2
100805,'28-SEP-99',online,10084,10,15.9,168,1
100099,'01-MAY-99',online,10085,5,7.35,169,1
100806,'08-OCT-99',direct,10085,10,16.99,169,1
100570,'15-APR-00',online,10085,10,35.28,169,1
100571,'15-APR-00',direct,10085,5,24.53,169,1
100335,'22-OCT-00',online,10085,5,39.49,169,1
100336,'01-NOV-00',direct,10086,4,5.11,170,1
100100,'11-MAY-99',online,10086,10,41.95,170,1
100101,'11-MAY-99',direct,10086,4,16.78,170,1
100102,'11-MAY-99',online,10086,8,7.62,170,1
100807,'18-OCT-99',online,10086,8,3.23,170,1
100572,'25-APR-00',online,10086,8,87.56,170,1
100573,'05-MAY-00',online,10087,9,10.48,171,2
100337,'11-NOV-00',online,10087,1,33.23,171,1
100103,'21-MAY-99',online,10087,9,4.05,171,2
100808,'28-OCT-99',online,10087,4,23.26,171,2
100809,'07-NOV-99',online,10088,8,27.01,172,1
100574,'15-MAY-00',online,10088,8,16.64,172,1
100338,'21-NOV-00',online,10088,6,41.33,172,2
100104,'31-MAY-99',online,10088,8,81.69,172,1
100339,'01-DEC-00',online,10089,9,1.83,173,1
100105,'10-JUN-99',online,10089,5,105.56,173,1
100810,'17-NOV-99',online,10089,10,15.6,173,1
100811,'17-NOV-99',direct,10089,1,9.72,173,1
100575,'25-MAY-00',online,10089,5,25.19,173,1
100576,'04-JUN-00',direct,10090,10,3.47,164,1
100340,'11-DEC-00',online,10090,10,22.09,164,1
100341,'11-DEC-00',direct,10090,10,23.12,164,1
100342,'11-DEC-00',online,10090,10,11.64,164,1
100106,'20-JUN-99',direct,10090,10,76.87,164,1
100812,'27-NOV-99',online,10090,10,26.65,164,1
100813,'07-DEC-99',online,10091,7,3.02,165,2
100577,'14-JUN-00',online,10091,3,32.27,165,1
100343,'21-DEC-00',online,10091,7,10.11,165,2
100107,'30-JUN-99',online,10091,3,195.78,165,1
100108,'10-JUL-99',online,10092,4,32.54,166,2
100814,'17-DEC-99',online,10092,2,65.59,166,1
100578,'24-JUN-00',online,10092,4,218.27,166,2
100344,'31-DEC-00',online,10092,2,36.16,166,1
100579,'04-JUL-00',online,10093,3,6.38,167,1
100345,'11-JAN-99',online,10093,5,4.86,167,1
100109,'20-JUL-99',online,10093,3,91.82,167,1
100815,'27-DEC-99',online,10093,5,114.29,167,1
100816,'06-JAN-00',direct,10094,6,8.03,168,1
100580,'14-JUL-00',online,10094,10,46.32,168,1
100581,'14-JUL-00',direct,10094,6,31.81,168,1
100582,'14-JUL-00',online,10094,2,15.57,168,1
100346,'21-JAN-99',direct,10094,6,13.92,168,1
100110,'30-JUL-99',online,10094,10,65.84,168,1
100111,'30-JUL-99',direct,10094,6,10.58,168,1
100112,'09-AUG-99',online,10095,10,80.94,169,1
100817,'16-JAN-00',online,10095,5,58.13,169,1
100583,'24-JUL-00',online,10095,5,12.98,169,2
100347,'31-JAN-99',online,10095,5,24.02,169,1
100584,'03-AUG-00',online,10096,6,62.33,170,1
100348,'10-FEB-99',online,10096,2,3.04,170,2
100113,'19-AUG-99',online,10096,2,112.93,170,2
100818,'26-JAN-00',online,10096,2,152.31,170,2
100819,'05-FEB-00',online,10097,7,29.64,171,1
100585,'13-AUG-00',online,10097,5,4.14,171,1
100349,'20-FEB-99',online,10097,7,5.56,171,1
100114,'29-AUG-99',online,10097,2,92.73,171,1
100350,'02-MAR-99',online,10098,10,28.2,172,1
100351,'02-MAR-99',direct,10098,2,7.44,172,1
100115,'08-SEP-99',online,10098,10,38.63,172,1
100820,'15-FEB-00',online,10098,10,156.74,172,1
100821,'15-FEB-00',direct,10098,2,57.74,172,1
100822,'15-FEB-00',online,10098,4,84.12,172,1
100586,'23-AUG-00',direct,10098,2,22.74,172,1
100587,'02-SEP-00',online,10099,7,42.98,173,1
100352,'12-MAR-99',online,10099,2,45.24,173,1
100116,'18-SEP-99',direct,10099,6,102.96,173,1
100823,'25-FEB-00',online,10099,3,55.03,173,2
100824,'06-MAR-00',online,10100,10,173.58,164,1
100588,'12-SEP-00',online,10100,10,6.37,164,2
100353,'22-MAR-99',online,10100,10,43.98,164,2
100117,'28-SEP-99',online,10100,10,119.6,164,1
100354,'01-APR-99',online,10101,6,35.94,165,1
100118,'08-OCT-99',online,10101,2,192.4,165,2
100825,'16-MAR-00',online,10101,5,15.44,165,1
100589,'22-SEP-00',online,10101,1,20.45,165,1
100590,'02-OCT-00',online,10102,10,28.27,166,1
100591,'02-OCT-00',direct,10102,8,4.16,166,1
100355,'11-APR-99',online,10102,10,15.28,166,1
100119,'18-OCT-99',online,10102,2,98.69,166,1
100826,'26-MAR-00',direct,10102,8,21.4,166,1
100827,'05-APR-00',online,10103,9,285.36,167,1
100592,'12-OCT-00',online,10103,4,26.67,167,1
100356,'21-APR-99',direct,10103,2,42.02,167,1
100120,'28-OCT-99',online,10103,10,5.62,167,1
100121,'28-OCT-99',direct,10103,7,15.22,167,1
100122,'28-OCT-99',online,10103,4,37.33,167,1
100357,'01-MAY-99',online,10104,2,23.52,168,1
100123,'07-NOV-99',online,10104,8,5.11,168,2
100828,'15-APR-00',online,10104,8,44.2,168,2
100593,'22-OCT-00',online,10104,8,14.36,168,2
100594,'01-NOV-00',online,10105,10,9.69,169,1
100358,'11-MAY-99',online,10105,10,50.07,169,2
100124,'17-NOV-99',online,10105,10,39.61,169,1
100829,'25-APR-00',online,10105,5,96.98,169,1
100830,'05-MAY-00',online,10106,10,48.05,170,1
100831,'05-MAY-00',direct,10106,4,4.8,170,1
100595,'11-NOV-00',online,10106,10,10.34,170,1
100359,'21-MAY-99',online,10106,6,57.44,170,1
100125,'27-NOV-99',online,10106,10,32.85,170,1
100126,'07-DEC-99',direct,10107,8,5.49,171,1
100832,'15-MAY-00',online,10107,6,33.14,171,1
100596,'21-NOV-00',direct,10107,8,48.1,171,1
100360,'31-MAY-99',online,10107,10,5.24,171,1
100361,'31-MAY-99',direct,10107,3,12.84,171,1
100362,'31-MAY-99',online,10107,6,19.39,171,1
100597,'01-DEC-00',online,10108,4,10.4,172,1
100363,'10-JUN-99',online,10108,6,3.47,172,2
100127,'17-DEC-99',online,10108,4,14.77,172,1
100833,'25-MAY-00',online,10108,6,33.42,172,2
100834,'04-JUN-00',online,10109,4,42.18,173,1
100598,'11-DEC-00',online,10109,8,18.76,173,2
100364,'20-JUN-99',online,10109,4,31.75,173,1
100128,'27-DEC-99',online,10109,8,71.73,173,2
100129,'06-JAN-00',online,10110,10,7.76,164,1
100835,'14-JUN-00',online,10110,10,22.54,164,1
100599,'21-DEC-00',online,10110,10,14.61,164,1
100365,'30-JUN-99',online,10110,10,152.44,164,1
100366,'10-JUL-99',direct,10111,4,19.14,165,1
100130,'16-JAN-00',online,10111,10,22.57,165,1
100131,'16-JAN-00',direct,10111,9,20.96,165,1
100836,'24-JUN-00',direct,10111,4,57.17,165,1
100600,'31-DEC-00',online,10111,10,1.51,165,1
100601,'31-DEC-00',direct,10111,9,44.23,165,1
100602,'31-DEC-00',online,10111,8,187.73,165,1
100837,'04-JUL-00',online,10112,6,25.88,166,1
100603,'11-JAN-99',online,10112,4,8.03,166,2
100367,'20-JUL-99',online,10112,6,20.8,166,1
100132,'26-JAN-00',online,10112,6,2.43,166,1
100133,'05-FEB-00',online,10113,1,10.09,167,2
100838,'14-JUL-00',online,10113,6,22.39,167,2
100604,'21-JAN-99',online,10113,8,65.2,167,1
100368,'30-JUL-99',online,10113,6,83.39,167,2
100369,'09-AUG-99',online,10114,4,10.38,168,1
100134,'15-FEB-00',online,10114,4,21.84,168,1
100839,'24-JUL-00',online,10114,4,38.18,168,1
100605,'31-JAN-99',online,10114,10,119.77,168,1
100840,'03-AUG-00',online,10115,10,6.23,169,1
100841,'03-AUG-00',direct,10115,5,11.39,169,1
100842,'03-AUG-00',online,10115,10,13.7,169,1
100606,'10-FEB-99',direct,10115,10,88.92,169,1
100370,'19-AUG-99',online,10115,10,28.56,169,1
100371,'19-AUG-99',direct,10115,5,39.45,169,1
100135,'25-FEB-00',online,10115,5,3.04,169,1
100136,'06-MAR-00',direct,10116,4,16.46,170,1
100843,'13-AUG-00',online,10116,2,3.83,170,2
100607,'20-FEB-99',online,10116,8,38.18,170,1
100372,'29-AUG-99',online,10116,8,2.07,170,1
100608,'02-MAR-99',online,10117,4,81.32,171,2
100373,'08-SEP-99',online,10117,9,15.85,171,2
100137,'16-MAR-00',online,10117,1,21.7,171,1
100844,'23-AUG-00',online,10117,2,24.14,171,1
100845,'02-SEP-00',online,10118,10,12.33,172,1
100609,'12-MAR-99',online,10118,8,56.08,172,1
100374,'18-SEP-99',online,10118,8,25.98,172,1
100138,'26-MAR-00',online,10118,6,22.32,172,2
100139,'05-APR-00',online,10119,9,15.48,173,1
100846,'12-SEP-00',direct,10119,6,3.78,173,1
100610,'22-MAR-99',online,10119,10,109.01,173,1
100611,'22-MAR-99',direct,10119,1,96.5,173,1
100375,'28-SEP-99',online,10119,5,6.37,173,1
100612,'01-APR-99',online,10120,10,7.72,164,1
100376,'08-OCT-99',direct,10120,10,38.89,164,1
100140,'15-APR-00',online,10120,10,64.16,164,1
100141,'15-APR-00',direct,10120,10,23.96,164,1
100142,'15-APR-00',online,10120,10,21.88,164,1
100847,'22-SEP-00',online,10120,10,7.76,164,1
100848,'02-OCT-00',online,10121,2,47.98,165,2
100613,'11-APR-99',online,10121,7,16.84,165,2
100377,'18-OCT-99',online,10121,3,22.58,165,1
100143,'25-APR-00',online,10121,7,75.86,165,2
100144,'05-MAY-00',online,10122,2,11.76,166,1
100849,'12-OCT-00',online,10122,2,16.08,166,1
100614,'21-APR-99',online,10122,2,228.16,166,1
100378,'28-OCT-99',online,10122,4,12.48,166,2
100615,'01-MAY-99',online,10123,5,44.2,167,1
100379,'07-NOV-99',online,10123,3,10.03,167,1
100145,'15-MAY-00',online,10123,5,37.3,167,1
100850,'22-OCT-00',online,10123,10,43.98,167,1
100851,'22-OCT-00',direct,10123,7,40.46,167,1
100852,'01-NOV-00',online,10124,2,3.3,168,1
100616,'11-MAY-99',direct,10124,6,247.39,168,1
100380,'17-NOV-99',online,10124,10,35.21,168,1
100381,'17-NOV-99',direct,10124,6,6.46,168,1
100382,'17-NOV-99',online,10124,2,24.56,168,1
100146,'25-MAY-00',direct,10124,6,73.42,168,1
100147,'04-JUN-00',online,10125,5,5.24,169,1
100853,'11-NOV-00',online,10125,5,30.82,169,2
100617,'21-MAY-99',online,10125,5,42.43,169,1
100383,'27-NOV-99',online,10125,5,40.46,169,2
100384,'07-DEC-99',online,10126,6,5.2,170,1
100148,'14-JUN-00',online,10126,2,30,170,2
100854,'21-NOV-00',online,10126,6,61.81,170,1
100618,'31-MAY-99',online,10126,2,14.4,170,2
100855,'01-DEC-00',online,10127,5,12.77,171,1
100619,'10-JUN-99',online,10127,7,13.94,171,1
100385,'17-DEC-99',online,10127,5,14.24,171,1
100149,'24-JUN-00',online,10127,7,15.35,171,1
100150,'04-JUL-00',online,10128,10,10.41,172,1
100151,'04-JUL-00',direct,10128,2,17.87,172,1
100856,'11-DEC-00',direct,10128,2,82.32,172,1
100620,'20-JUN-99',online,10128,10,64.87,172,1
100621,'20-JUN-99',direct,10128,2,28.12,172,1
100622,'20-JUN-99',online,10128,4,39.5,172,1
100386,'27-DEC-99',direct,10128,2,13.65,172,1
100387,'06-JAN-00',online,10129,7,1.51,173,1
100152,'14-JUL-00',online,10129,2,144.21,173,1
100857,'21-DEC-00',online,10129,7,32.75,173,1
100623,'30-JUN-99',online,10129,3,75.01,173,2
100624,'10-JUL-99',online,10130,10,12.94,164,1
100388,'16-JAN-00',online,10130,10,28.91,164,2
100153,'24-JUL-00',online,10130,10,12.76,164,2
100858,'31-DEC-00',online,10130,10,11.4,164,2
100154,'03-AUG-00',online,10131,6,49.64,165,1
100859,'11-JAN-99',online,10131,1,7.84,165,1
100625,'20-JUL-99',online,10131,5,19.24,165,1
100389,'26-JAN-00',online,10131,1,134.95,165,1
100390,'05-FEB-00',online,10132,10,24.09,166,1
100391,'05-FEB-00',direct,10132,8,33.08,166,1
100155,'13-AUG-00',online,10132,10,46.47,166,1
100860,'21-JAN-99',online,10132,10,38.07,166,1
100861,'21-JAN-99',direct,10132,8,28.8,166,1
100862,'21-JAN-99',online,10132,6,211.89,166,1
100626,'30-JUL-99',direct,10132,8,21.02,166,1
100627,'09-AUG-99',online,10133,9,6.23,167,1
100392,'15-FEB-00',online,10133,4,187.43,167,1
100156,'23-AUG-00',direct,10133,2,5.19,167,1
100863,'31-JAN-99',online,10133,1,144.31,167,2
100157,'02-SEP-00',online,10134,2,20.77,168,1
100864,'10-FEB-99',online,10134,4,14.42,168,1
100628,'19-AUG-99',online,10134,8,33.73,168,2
100393,'25-FEB-00',online,10134,8,59.28,168,2
100394,'06-MAR-00',online,10135,10,55.26,169,1
100158,'12-SEP-00',online,10135,10,73.79,169,2
100865,'20-FEB-99',online,10135,5,26.62,169,1
100629,'29-AUG-99',online,10135,5,11.27,169,1
100866,'02-MAR-99',direct,10136,4,29.46,170,1
100630,'08-SEP-99',online,10136,10,11.49,170,1
100631,'08-SEP-99',direct,10136,4,8.82,170,1
100395,'16-MAR-00',online,10136,10,159.32,170,1
100159,'22-SEP-00',online,10136,6,2.07,170,1
100160,'02-OCT-00',online,10137,10,17.24,171,1
100161,'02-OCT-00',direct,10137,3,21.74,171,1
100162,'02-OCT-00',online,10137,6,19.11,171,1
100867,'12-MAR-99',online,10137,1,7.79,171,1
100632,'18-SEP-99',online,10137,6,29.25,171,1
100396,'26-MAR-00',direct,10137,8,28.04,171,1
100397,'05-APR-00',online,10138,4,82.02,172,1
100163,'12-OCT-00',online,10138,6,13.41,172,2
100868,'22-MAR-99',online,10138,6,60.26,172,2
100633,'28-SEP-99',online,10138,6,2.52,172,2
100869,'01-APR-99',online,10139,9,32.34,173,1
100634,'08-OCT-99',online,10139,4,20.76,173,1
100398,'15-APR-00',online,10139,8,127.44,173,2
100164,'22-OCT-00',online,10139,4,45.05,173,1
100165,'01-NOV-00',online,10140,10,8.32,164,1
100870,'11-APR-99',online,10140,10,20.67,164,1
100871,'11-APR-99',direct,10140,10,11.13,164,1
100635,'18-OCT-99',online,10140,10,54.14,164,1
100399,'25-APR-00',online,10140,10,7.72,164,1
100400,'05-MAY-00',online,10141,10,43.16,165,1
100401,'05-MAY-00',direct,10141,9,168.36,165,1
100402,'05-MAY-00',online,10141,8,132.6,165,1
100166,'11-NOV-00',direct,10141,4,21.77,165,1
100872,'21-APR-99',online,10141,8,34.61,165,1
100636,'28-OCT-99',direct,10141,4,8.04,165,1
100873,'01-MAY-99',online,10142,4,14.08,166,2
100637,'07-NOV-99',online,10142,6,32,166,1
100403,'15-MAY-00',online,10142,4,70.59,166,2
100167,'21-NOV-00',online,10142,6,24.65,166,1
100168,'01-DEC-00',online,10143,6,3.23,167,2
100874,'11-MAY-99',online,10143,8,24.11,167,1
100638,'17-NOV-99',online,10143,6,51.22,167,2
100404,'25-MAY-00',online,10143,8,142.37,167,1
100405,'04-JUN-00',online,10144,10,9.6,168,1
100169,'11-DEC-00',online,10144,4,17.45,168,1
100875,'21-MAY-99',online,10144,10,39.2,168,1
100639,'27-NOV-99',online,10144,4,3.3,168,1
100640,'07-DEC-99',online,10145,10,30.26,169,1
100641,'07-DEC-99',direct,10145,5,50.05,169,1
100642,'07-DEC-99',online,10145,10,38.31,169,1
100406,'14-JUN-00',direct,10145,10,32.22,169,1
100170,'21-DEC-00',online,10145,10,34.36,169,1
100171,'21-DEC-00',direct,10145,5,5.2,169,1
100876,'31-MAY-99',direct,10145,10,5.87,169,1
100877,'10-JUN-99',online,10146,8,11.13,170,1
100643,'17-DEC-99',online,10146,2,31.24,170,2
100407,'24-JUN-00',online,10146,8,84.55,170,1
100172,'31-DEC-00',online,10146,8,30.52,170,1
100408,'04-JUL-00',online,10147,4,14.06,171,2
100173,'11-JAN-99',online,10147,9,11.11,171,2
100878,'20-JUN-99',online,10147,4,19.43,171,2
100644,'27-DEC-99',online,10147,2,101.39,171,1
100645,'06-JAN-00',online,10148,10,7.6,172,1
100409,'14-JUL-00',online,10148,8,31.02,172,1
100174,'21-JAN-99',online,10148,8,4.53,172,1
100879,'30-JUN-99',online,10148,8,7.11,172,1
100880,'10-JUL-99',online,10149,10,42.9,173,1
100881,'10-JUL-99',direct,10149,1,22.27,173,1
100882,'10-JUL-99',online,10149,2,13.56,173,1
100646,'16-JAN-00',direct,10149,6,15.92,173,1
100410,'24-JUL-00',online,10149,10,26.91,173,1
100411,'24-JUL-00',direct,10149,1,12.94,173,1
100175,'31-JAN-99',online,10149,5,22.87,173,1
100412,'03-AUG-00',online,10150,10,67.85,164,1
100176,'10-FEB-99',direct,10150,10,167.61,164,1
100883,'20-JUL-99',online,10150,10,7.06,164,2
100647,'26-JAN-00',online,10150,10,79.51,164,1
100648,'05-FEB-00',online,10151,2,14.4,165,2
100413,'13-AUG-00',online,10151,7,17.14,165,2
100177,'20-FEB-99',online,10151,3,16.06,165,1
100884,'30-JUL-99',online,10151,6,35.57,165,1
100178,'02-MAR-99',online,10152,4,83.18,166,2
100885,'09-AUG-99',online,10152,10,42.72,166,1
100649,'15-FEB-00',online,10152,2,146.06,166,1
100414,'23-AUG-00',online,10152,2,18.69,166,1
100415,'02-SEP-00',online,10153,5,8.81,167,1
100179,'12-MAR-99',online,10153,3,205.79,167,1
100886,'19-AUG-99',direct,10153,2,179.7,167,1
100650,'25-FEB-00',online,10153,10,99.39,167,1
100651,'25-FEB-00',direct,10153,7,14.42,167,1
100652,'06-MAR-00',online,10154,2,78.2,168,1
100416,'12-SEP-00',direct,10154,6,19.16,168,1
100180,'22-MAR-99',online,10154,10,29.64,168,1
100181,'22-MAR-99',direct,10154,6,46.72,168,1
100182,'22-MAR-99',online,10154,2,68.32,168,1
100887,'29-AUG-99',online,10154,2,186.06,168,1
100183,'01-APR-99',online,10155,5,28.04,169,2
100888,'08-SEP-99',online,10155,10,25.05,169,2
100653,'16-MAR-00',online,10155,5,24.27,169,2
100417,'22-SEP-00',online,10155,5,7.66,169,1
100418,'02-OCT-00',online,10156,2,18.8,170,2
100184,'11-APR-99',online,10156,6,167.19,170,1
100889,'18-SEP-99',online,10156,6,90.13,170,1
100654,'26-MAR-00',online,10156,6,23.37,170,1
100655,'05-APR-00',online,10157,5,29.1,171,1
100419,'12-OCT-00',online,10157,7,14.33,171,1
100185,'21-APR-99',online,10157,5,96.53,171,1
100890,'28-SEP-99',online,10157,10,130,171,1
100891,'28-SEP-99',direct,10157,3,8.54,171,1
100186,'01-MAY-99',direct,10158,2,23.16,172,1
100892,'08-OCT-99',online,10158,4,53.28,172,1
100656,'15-APR-00',direct,10158,2,115.51,172,1
100420,'22-OCT-00',online,10158,10,1.26,172,1
100421,'22-OCT-00',direct,10158,2,14.26,172,1
100422,'22-OCT-00',online,10158,4,36.86,172,1
100423,'01-NOV-00',online,10159,3,8.04,173,2
100187,'11-MAY-99',online,10159,7,12.28,173,1
100893,'18-OCT-99',online,10159,3,93.65,173,2
100657,'25-APR-00',online,10159,7,13.78,173,1
100658,'05-MAY-00',online,10160,10,19.61,164,2
100424,'11-NOV-00',online,10160,10,52.18,164,1
100188,'21-MAY-99',online,10160,10,126.8,164,2
100894,'28-OCT-99',online,10160,10,80.97,164,1
100895,'07-NOV-99',online,10161,5,57.9,165,1
100659,'15-MAY-00',online,10161,1,45.81,165,1
100425,'21-NOV-00',online,10161,5,39.24,165,1
100189,'31-MAY-99',online,10161,1,88.4,165,1
100426,'01-DEC-00',direct,10162,8,9.9,166,1
100190,'10-JUN-99',online,10162,10,123.37,166,1
100191,'10-JUN-99',direct,10162,8,56.01,166,1
100896,'17-NOV-99',direct,10162,8,166.83,166,1
100660,'25-MAY-00',online,10162,10,7.04,166,1
100661,'25-MAY-00',direct,10162,8,18.42,166,1
100662,'25-MAY-00',online,10162,6,24.04,166,1
100663,'04-JUN-00',online,10163,1,5.87,167,2
100427,'11-DEC-00',online,10163,9,17.06,167,1
100192,'20-JUN-99',online,10163,4,4.8,167,1
100897,'27-NOV-99',online,10163,9,9.12,167,1
100898,'07-DEC-99',online,10164,8,183.96,168,2
100664,'14-JUN-00',online,10164,4,31.98,168,1
100428,'21-DEC-00',online,10164,8,93.33,168,2
100193,'30-JUN-99',online,10164,8,23.08,168,2
100194,'10-JUL-99',online,10165,10,38.53,169,1
100899,'17-DEC-99',online,10165,5,235.95,169,1
100665,'24-JUN-00',online,10165,5,16.2,169,1
100429,'31-DEC-00',online,10165,5,25.54,169,1
100666,'04-JUL-00',direct,10166,4,21.33,170,1
100430,'11-JAN-99',online,10166,10,68.18,170,1
100431,'11-JAN-99',direct,10166,4,42.71,170,1
100195,'20-JUL-99',online,10166,10,14.06,170,1
100900,'27-DEC-99',online,10166,10,26.39,170,1
100901,'27-DEC-99',direct,10166,4,37.63,170,1
100902,'27-DEC-99',online,10166,8,29.16,170,1
100903,'06-JAN-00',online,10167,9,9.14,171,2
100667,'14-JUL-00',online,10167,1,14.46,171,1
100432,'21-JAN-99',online,10167,6,3.8,171,1
100196,'30-JUL-99',direct,10167,8,78.78,171,1
100197,'09-AUG-99',online,10168,4,25.08,172,1
100904,'16-JAN-00',online,10168,8,50.81,172,1
100668,'24-JUL-00',online,10168,6,46.47,172,2
100433,'31-JAN-99',online,10168,6,11.88,172,2
100669,'03-AUG-00',online,10169,9,9.04,173,1
100434,'10-FEB-99',online,10169,4,28.85,173,1
100198,'19-AUG-99',online,10169,8,38.82,173,2
100905,'26-JAN-00',online,10169,5,41.71,173,1
100906,'05-FEB-00',direct,10170,10,25.44,164,1
100670,'13-AUG-00',online,10170,10,12.14,164,1
100671,'13-AUG-00',direct,10170,10,110.85,164,1
100435,'20-FEB-99',online,10170,10,14.4,164,1
100199,'29-AUG-99',online,10170,10,16.09,164,1
100436,'02-MAR-99',direct,10171,4,137.83,165,1
100200,'08-SEP-99',online,10171,10,25.86,165,1
100201,'08-SEP-99',direct,10171,9,12.46,165,1
100202,'08-SEP-99',online,10171,8,13.97,165,1
100907,'15-FEB-00',online,10171,3,10.31,165,1
100672,'23-AUG-00',online,10171,8,21.36,165,1
100673,'02-SEP-00',online,10172,4,126.92,166,2
100437,'12-MAR-99',online,10172,6,93.01,166,1
100203,'18-SEP-99',online,10172,4,24.16,166,2
100908,'25-FEB-00',online,10172,4,25.24,166,2
100909,'06-MAR-00',online,10173,3,6.3,167,1
100674,'12-SEP-00',online,10173,8,101.92,167,1
100438,'22-MAR-99',online,10173,6,43.26,167,2
100204,'28-SEP-99',online,10173,8,3.83,167,1
100439,'01-APR-99',online,10174,4,20.52,168,1
100205,'08-OCT-99',online,10174,10,13.81,168,1
100910,'16-MAR-00',online,10174,10,14.79,168,1
100911,'16-MAR-00',direct,10174,6,23.01,168,1
100675,'22-SEP-00',online,10174,10,25.05,168,1
100676,'02-OCT-00',direct,10175,10,157.79,169,1
100440,'11-APR-99',online,10175,10,43.48,169,1
100441,'11-APR-99',direct,10175,5,15.58,169,1
100442,'11-APR-99',online,10175,10,71.72,169,1
100206,'18-OCT-99',direct,10175,10,15.37,169,1
100912,'26-MAR-00',online,10175,10,2.58,169,1
100913,'05-APR-00',online,10176,2,7.44,170,2
100677,'12-OCT-00',online,10176,8,100.36,170,1
100443,'21-APR-99',online,10176,2,57.83,170,2
100207,'28-OCT-99',online,10176,8,1.26,170,1
100444,'01-MAY-99',online,10177,2,6.89,171,1
100208,'07-NOV-99',online,10177,4,12.8,171,2
100914,'15-APR-00',online,10177,2,18.91,171,1
100678,'22-OCT-00',online,10177,4,25.62,171,2
100679,'01-NOV-00',online,10178,8,19.12,172,1
100445,'11-MAY-99',online,10178,10,15.37,172,1
100209,'17-NOV-99',online,10178,8,29.42,172,1
100915,'25-APR-00',online,10178,10,4.99,172,1
100916,'05-MAY-00',direct,10179,6,27.99,173,1
100680,'11-NOV-00',online,10179,10,107.93,173,1
100681,'11-NOV-00',direct,10179,1,53.98,173,1
100682,'11-NOV-00',online,10179,2,119.72,173,1
100446,'21-MAY-99',direct,10179,6,30.39,173,1
100210,'27-NOV-99',online,10179,10,24.12,173,1
100211,'27-NOV-99',direct,10179,1,20.02,173,1
100212,'07-DEC-99',online,10180,10,75.18,164,1
100917,'15-MAY-00',online,10180,10,12.06,164,1
100683,'21-NOV-00',online,10180,10,61.43,164,2
100447,'31-MAY-99',online,10180,10,7.04,164,1
100684,'01-DEC-00',online,10181,6,4.56,165,1
100448,'10-JUN-99',online,10181,2,40.89,165,2
100213,'17-DEC-99',online,10181,7,6.6,165,2
100918,'25-MAY-00',online,10181,2,19.5,165,2
100919,'04-JUN-00',online,10182,2,13.94,166,1
100685,'11-DEC-00',online,10182,10,124.16,166,1
100449,'20-JUN-99',online,10182,2,19.88,166,1
100214,'27-DEC-99',online,10182,2,44.58,166,1
100215,'06-JAN-00',online,10183,5,89.37,167,1
100920,'14-JUN-00',online,10183,10,57.22,167,1
100921,'14-JUN-00',direct,10183,7,23.96,167,1
100922,'14-JUN-00',online,10183,4,47.92,167,1
100686,'21-DEC-00',direct,10183,2,218.79,167,1
100450,'30-JUN-99',online,10183,10,17.61,167,1
100451,'30-JUN-99',direct,10183,7,8.5,167,1
100452,'10-JUL-99',online,10208,4,23.49,172,1
100216,'16-JAN-00',direct,10208,2,12.77,172,1
100923,'24-JUN-00',online,10208,6,84.08,172,2
100687,'31-DEC-00',online,10208,4,26.39,172,1
100924,'04-JUL-00',online,10209,4,13.76,173,1
100688,'11-JAN-99',online,10209,8,137.57,173,2
100453,'20-JUL-99',online,10209,3,14.22,173,2
100217,'26-JAN-00',online,10209,7,49.71,173,1
100218,'05-FEB-00',online,10223,6,37.99,167,2
100925,'14-JUL-00',online,10223,5,37.28,167,1
100689,'21-JAN-99',online,10223,3,24.36,167,1
100454,'30-JUL-99',online,10223,8,29.16,167,1
100455,'09-AUG-99',online,10226,10,35.15,170,1
100219,'15-FEB-00',online,10226,6,3.8,170,1
100926,'24-JUL-00',direct,10226,4,68.54,170,1
100690,'31-JAN-99',online,10226,10,27.42,170,1
100691,'31-JAN-99',direct,10226,4,14.25,170,1
100927,'03-AUG-00',online,10227,1,18.47,171,1
100692,'10-FEB-99',online,10227,6,48.09,171,1
100456,'19-AUG-99',direct,10227,8,4.52,171,1
100220,'25-FEB-00',online,10227,10,23.04,171,1
100221,'25-FEB-00',direct,10227,3,25.38,171,1
100222,'25-FEB-00',online,10227,6,43.2,171,1
100223,'06-MAR-00',online,10228,6,80.23,172,2
100928,'13-AUG-00',online,10228,6,97.59,172,2
100693,'20-FEB-99',online,10228,6,16.96,172,2
100457,'29-AUG-99',online,10228,4,9.6,172,1
100694,'02-MAR-99',online,10233,8,13.97,167,1
100458,'08-SEP-99',online,10233,6,28.43,167,2
100224,'16-MAR-00',online,10233,8,349.95,167,1
100929,'23-AUG-00',online,10233,3,16.88,167,1
100930,'02-SEP-00',online,10234,10,12.12,168,1
100931,'02-SEP-00',direct,10234,6,7.51,168,1
100695,'12-MAR-99',online,10234,10,30.52,168,1
100459,'18-SEP-99',online,10234,4,21.36,168,1
100225,'26-MAR-00',online,10234,10,28.84,168,1
100226,'05-APR-00',direct,10235,10,32.72,169,1
100932,'12-SEP-00',online,10235,10,97.58,169,1
100696,'22-MAR-99',direct,10235,10,3.15,169,1
100460,'28-SEP-99',online,10235,10,159.58,169,1
100461,'28-SEP-99',direct,10235,5,93.89,169,1
100462,'28-SEP-99',online,10235,10,75.15,169,1
100697,'01-APR-99',online,10237,1,10.91,171,1
100463,'08-OCT-99',online,10237,9,57.59,171,2
100227,'15-APR-00',online,10237,1,50.24,171,1
100933,'22-SEP-00',online,10237,9,131.66,171,2
100934,'02-OCT-00',online,10239,4,84.97,173,1
100698,'11-APR-99',online,10239,8,25.15,173,2
100464,'18-OCT-99',online,10239,4,200.88,173,1
100228,'25-APR-00',online,10239,8,7.79,173,2
100229,'05-MAY-00',online,10241,1,50.41,165,1
100935,'12-OCT-00',online,10241,5,51.3,165,1
100699,'21-APR-99',online,10241,1,2.58,165,1
100465,'28-OCT-99',online,10241,5,17.08,165,1
100700,'01-MAY-99',online,10242,10,15.33,166,1
100701,'01-MAY-99',direct,10242,8,15.08,166,1
100702,'01-MAY-99',online,10242,6,14.97,166,1
100466,'07-NOV-99',direct,10242,8,40.28,166,1
100230,'15-MAY-00',online,10242,10,34.41,166,1
100231,'15-MAY-00',direct,10242,8,6.89,166,1
100936,'22-OCT-00',direct,10242,8,6.1,166,1
100937,'01-NOV-00',online,10243,9,16.48,167,1
100703,'11-MAY-99',online,10243,1,8.03,167,2
100467,'17-NOV-99',online,10243,9,173.57,167,1
100232,'25-MAY-00',online,10243,4,38.69,167,1
100233,'04-JUN-00',online,10244,8,24.02,168,2
100938,'11-NOV-00',online,10244,8,49.87,168,2
100704,'21-MAY-99',online,10244,4,22.96,168,1
100468,'27-NOV-99',online,10244,8,26.99,168,2
100469,'07-DEC-99',online,10245,5,88.81,169,1
100234,'14-JUN-00',online,10245,10,21.12,169,1
100939,'21-NOV-00',online,10245,5,21.31,169,1
100705,'31-MAY-99',online,10245,5,13,169,1
100940,'01-DEC-00',online,10246,10,108.62,170,1
100941,'01-DEC-00',direct,10246,4,20.09,170,1
100942,'01-DEC-00',online,10246,8,12.72,170,1
100706,'10-JUN-99',direct,10246,4,28.82,170,1
100470,'17-DEC-99',online,10246,10,58.63,170,1
100471,'17-DEC-99',direct,10246,4,4.56,170,1
100235,'24-JUN-00',online,10246,10,12.73,170,1
