116|100090|1998-03-31|9|33|1|11.99|
27|100090|1998-03-31|9|33|1|44.99|
35|100090|1998-03-31|9|33|1|49.99|
35|100091|1998-03-31|9|33|1|49.99|
147|100091|1998-03-31|9|33|1|7.99|
46|100091|1998-03-31|9|33|1|22.99|
21|100091|1998-03-31|9|33|1|899.99|
30|100091|1998-03-31|9|33|1|9.99|
27|100093|1998-03-31|9|33|1|44.99|
35|100093|1998-03-31|9|33|1|49.99|
21|100093|1998-03-31|9|33|1|899.99|
26|100093|1998-03-31|9|33|1|149.99|
147|100094|1998-03-31|9|33|1|7.99|
40|100094|1998-03-31|9|33|1|44.99|
40|100095|1998-03-31|9|33|1|44.99|
26|100095|1998-03-31|9|33|1|149.99|
27|100096|1998-03-31|9|33|1|44.99|
147|100096|1998-03-31|9|33|1|7.99|
46|100096|1998-03-31|9|33|1|22.99|
48|100096|1998-03-31|9|33|1|11.99|
30|100096|1998-03-31|9|33|1|9.99|
116|100097|1998-03-31|9|33|1|11.99|
27|100097|1998-03-31|9|33|1|44.99|
48|100097|1998-03-31|9|33|1|11.99|
147|100098|1998-03-31|9|33|1|7.99|
30|100098|1998-03-31|9|33|1|9.99|
46|100098|1998-03-31|9|33|1|22.99|
27|100099|1998-03-31|9|33|1|44.99|
46|100099|1998-03-31|9|33|1|22.99|
40|100099|1998-03-31|9|33|1|44.99|
35|100100|1998-03-31|9|33|1|49.99|
30|100100|1998-03-31|9|33|1|9.99|
116|100101|1998-03-31|9|33|1|11.99|
147|100101|1998-03-31|9|33|1|7.99|
26|100101|1998-03-31|9|33|1|149.99|
128|100101|1998-03-31|9|33|1|27.99|
30|100102|1998-03-31|9|33|1|9.99|
21|100102|1998-03-31|9|33|1|899.99|
48|100102|1998-03-31|9|33|1|11.99|
26|100102|1998-03-31|9|33|1|149.99|
48|100103|1998-03-31|9|33|1|11.99|
128|100104|1998-03-31|9|33|1|27.99|
48|100104|1998-03-31|9|33|1|11.99|
46|100105|1998-03-31|9|33|1|22.99|
21|100105|1998-03-31|9|33|1|899.99|
116|100107|1998-03-31|9|33|1|11.99|
40|100107|1998-03-31|9|33|1|44.99|
26|100107|1998-03-31|9|33|1|149.99|
147|100108|1998-03-31|9|33|1|7.99|
46|100108|1998-03-31|9|33|1|22.99|
48|100108|1998-03-31|9|33|1|11.99|
30|100108|1998-03-31|9|33|1|9.99|
35|100109|1998-03-31|9|33|1|49.99|
147|100109|1998-03-31|9|33|1|7.99|
46|100109|1998-03-31|9|33|1|22.99|
21|100109|1998-03-31|9|33|1|899.99|
30|100109|1998-03-31|9|33|1|9.99|
128|100109|1998-03-31|9|33|1|27.99|
27|100110|1998-03-31|9|33|1|44.99|
128|100110|1998-03-31|9|33|1|27.99|
46|100111|1998-03-31|9|33|1|22.99|
128|100111|1998-03-31|9|33|1|27.99|
27|100112|1998-03-31|9|33|1|44.99|
147|100112|1998-03-31|9|33|1|7.99|
21|100112|1998-03-31|9|33|1|899.99|
46|100112|1998-03-31|9|33|1|22.99|
30|100112|1998-03-31|9|33|1|9.99|
35|100113|1998-03-31|9|33|1|49.99|
147|100113|1998-03-31|9|33|1|7.99|
46|100113|1998-03-31|9|33|1|22.99|
21|100113|1998-03-31|9|33|1|899.99|
26|100113|1998-03-31|9|33|1|149.99|
30|100113|1998-03-31|9|33|1|9.99|
128|100113|1998-03-31|9|33|1|27.99|
116|100114|1998-03-31|9|33|1|11.99|
128|100114|1998-03-31|9|33|1|27.99|
30|100114|1998-03-31|9|33|1|9.99|
21|100114|1998-03-31|9|33|1|899.99|
27|100115|1998-03-31|9|33|1|44.99|
35|100115|1998-03-31|9|33|1|49.99|
147|100115|1998-03-31|9|33|1|7.99|
40|100115|1998-03-31|9|33|1|44.99|
27|100116|1998-03-31|9|33|1|44.99|
21|100116|1998-03-31|9|33|1|899.99|
40|100116|1998-03-31|9|33|1|44.99|
26|100118|1998-03-31|9|33|1|149.99|
116|100119|1998-03-31|9|33|1|11.99|
147|100119|1998-03-31|9|33|1|7.99|
48|100119|1998-03-31|9|33|1|11.99|
35|100120|1998-03-31|9|33|1|49.99|
48|100120|1998-03-31|9|33|1|11.99|
46|100121|1998-03-31|9|33|1|22.99|
21|100121|1998-03-31|9|33|1|899.99|
48|100121|1998-03-31|9|33|1|11.99|
26|100121|1998-03-31|9|33|1|149.99|
147|100122|1998-03-31|9|33|1|7.99|
21|100122|1998-03-31|9|33|1|899.99|
26|100122|1998-03-31|9|33|1|149.99|
116|100123|1998-03-31|9|33|1|11.99|
35|100123|1998-03-31|9|33|1|49.99|
46|100123|1998-03-31|9|33|1|22.99|
128|100124|1998-03-31|9|33|1|27.99|
30|100124|1998-03-31|9|33|1|9.99|
35|100125|1998-03-31|9|33|1|49.99|
147|100125|1998-03-31|9|33|1|7.99|
46|100125|1998-03-31|9|33|1|22.99|
30|100125|1998-03-31|9|33|1|9.99|
116|100126|1998-03-31|9|33|1|11.99|
147|100126|1998-03-31|9|33|1|7.99|
46|100126|1998-03-31|9|33|1|22.99|
48|100126|1998-03-31|9|33|1|11.99|
40|100127|1998-03-31|9|33|1|44.99|
21|100127|1998-03-31|9|33|1|899.99|
26|100127|1998-03-31|9|33|1|149.99|
30|100127|1998-03-31|9|33|1|9.99|
116|100128|1998-03-31|9|33|1|11.99|
35|100128|1998-03-31|9|33|1|49.99|
128|100128|1998-03-31|9|33|1|27.99|
21|100129|1998-03-31|9|33|1|899.99|
48|100129|1998-03-31|9|33|1|11.99|
26|100129|1998-03-31|9|33|1|149.99|
40|100130|1998-03-31|9|33|1|44.99|
27|100131|1998-03-31|9|33|1|44.99|
147|100131|1998-03-31|9|33|1|7.99|
21|100131|1998-03-31|9|33|1|899.99|
26|100131|1998-03-31|9|33|1|149.99|
27|100132|1998-03-31|9|33|1|44.99|
46|100132|1998-03-31|9|33|1|22.99|
48|100133|1998-03-31|9|33|1|11.99|
30|100133|1998-03-31|9|33|1|9.99|
30|100134|1998-03-31|9|33|1|9.99|
147|100135|1998-03-31|9|33|1|7.99|
27|100136|1998-03-31|9|33|1|44.99|
35|100136|1998-03-31|9|33|1|49.99|
46|100136|1998-03-31|9|33|1|22.99|
30|100136|1998-03-31|9|33|1|9.99|
27|100137|1998-03-31|9|33|1|44.99|
147|100137|1998-03-31|9|33|1|7.99|
21|100137|1998-03-31|9|33|1|899.99|
30|100137|1998-03-31|9|33|1|9.99|
27|100138|1998-03-31|9|33|1|44.99|
147|100138|1998-03-31|9|33|1|7.99|
21|100138|1998-03-31|9|33|1|899.99|
46|100138|1998-03-31|9|33|1|22.99|
26|100138|1998-03-31|9|33|1|149.99|
116|100139|1998-03-31|9|33|1|11.99|
27|100139|1998-03-31|9|33|1|44.99|
147|100139|1998-03-31|9|33|1|7.99|
46|100139|1998-03-31|9|33|1|22.99|
40|100139|1998-03-31|9|33|1|44.99|
128|100139|1998-03-31|9|33|1|27.99|
30|100139|1998-03-31|9|33|1|9.99|
26|100140|1998-03-31|9|33|1|149.99|
116|100141|1998-04-30|9|33|1|11.99|
35|100141|1998-04-30|9|33|1|49.99|
21|100141|1998-04-30|9|33|1|899.99|
30|100141|1998-04-30|9|33|1|9.99|
128|100141|1998-04-30|9|33|1|27.99|
27|100142|1998-04-30|9|33|1|44.99|
35|100142|1998-04-30|9|33|1|49.99|
147|100143|1998-04-30|9|33|1|7.99|
46|100143|1998-04-30|9|33|1|22.99|
30|100143|1998-04-30|9|33|1|9.99|
26|100144|1998-04-30|9|33|1|149.99|
30|100145|1998-04-30|9|33|1|9.99|
116|100147|1998-04-30|9|33|1|11.99|
35|100147|1998-04-30|9|33|1|49.99|
147|100147|1998-04-30|9|33|1|7.99|
46|100147|1998-04-30|9|33|1|22.99|
40|100147|1998-04-30|9|33|1|44.99|
128|100147|1998-04-30|9|33|1|27.99|
30|100147|1998-04-30|9|33|1|9.99|
147|100148|1998-04-30|9|33|1|7.99|
128|100148|1998-04-30|9|33|1|27.99|
46|100148|1998-04-30|9|33|1|22.99|
35|100149|1998-04-30|9|33|1|49.99|
147|100149|1998-04-30|9|33|1|7.99|
46|100149|1998-04-30|9|33|1|22.99|
26|100149|1998-04-30|9|33|1|149.99|
30|100149|1998-04-30|9|33|1|9.99|
147|100150|1998-04-30|9|33|1|7.99|
30|100150|1998-04-30|9|33|1|9.99|
21|100150|1998-04-30|9|33|1|899.99|
46|100150|1998-04-30|9|33|1|22.99|
128|100151|1998-04-30|9|33|1|27.99|
21|100152|1998-04-30|9|33|1|899.99|
30|100152|1998-04-30|9|33|1|9.99|
40|100153|1998-04-30|9|33|1|44.99|
128|100153|1998-04-30|9|33|1|27.99|
116|100154|1998-04-30|9|33|1|11.99|
147|100154|1998-04-30|9|33|1|7.99|
128|100154|1998-04-30|9|33|1|27.99|
30|100154|1998-04-30|9|33|1|9.99|
46|100154|1998-04-30|9|33|1|22.99|
116|100155|1998-04-30|9|33|1|11.99|
35|100155|1998-04-30|9|33|1|49.99|
40|100155|1998-04-30|9|33|1|44.99|
48|100155|1998-04-30|9|33|1|11.99|
27|100156|1998-04-30|9|33|1|44.99|
26|100156|1998-04-30|9|33|1|149.99|
40|100156|1998-04-30|9|33|1|44.99|
30|100157|1998-04-30|9|33|1|9.99|
147|100158|1998-04-30|9|33|1|7.99|
128|100158|1998-04-30|9|33|1|27.99|
30|100158|1998-04-30|9|33|1|9.99|
46|100158|1998-04-30|9|33|1|22.99|
21|100159|1998-04-30|9|33|1|899.99|
128|100159|1998-04-30|9|33|1|27.99|
46|100160|1998-04-30|9|33|1|22.99|
30|100160|1998-04-30|9|33|1|9.99|
116|100230|1998-04-30|9|33|1|11.99|
35|100230|1998-04-30|9|33|1|49.99|
116|100231|1998-04-30|9|33|1|11.99|
27|100231|1998-04-30|9|33|1|44.99|
147|100231|1998-04-30|9|33|1|7.99|
46|100231|1998-04-30|9|33|1|22.99|
30|100231|1998-04-30|9|33|1|9.99|
116|100232|1998-04-30|9|33|1|11.99|
35|100232|1998-04-30|9|33|1|49.99|
26|100232|1998-04-30|9|33|1|149.99|
21|100232|1998-04-30|9|33|1|899.99|
48|100232|1998-04-30|9|33|1|11.99|
35|100233|1998-04-30|9|33|1|49.99|
48|100233|1998-04-30|9|33|1|11.99|
30|100233|1998-04-30|9|33|1|9.99|
128|100233|1998-04-30|9|33|1|27.99|
35|100234|1998-04-30|9|33|1|49.99|
128|100234|1998-04-30|9|33|1|27.99|
46|100234|1998-04-30|9|33|1|22.99|
48|100234|1998-04-30|9|33|1|11.99|
46|100235|1998-04-30|9|33|1|22.99|
48|100235|1998-04-30|9|33|1|11.99|
147|100237|1998-04-30|9|33|1|7.99|
35|100238|1998-04-30|9|33|1|49.99|
21|100238|1998-04-30|9|33|1|899.99|
116|100239|1998-04-30|9|33|1|11.99|
35|100239|1998-04-30|9|33|1|49.99|
147|100240|1998-04-30|9|33|1|7.99|
128|100241|1998-04-30|9|33|1|27.99|
35|100242|1998-04-30|9|33|1|49.99|
147|100242|1998-04-30|9|33|1|7.99|
128|100242|1998-04-30|9|33|1|27.99|
30|100242|1998-04-30|9|33|1|9.99|
21|100242|1998-04-30|9|33|1|899.99|
46|100242|1998-04-30|9|33|1|22.99|
26|100242|1998-04-30|9|33|1|149.99|
116|100244|1998-04-30|9|33|1|11.99|
26|100244|1998-04-30|9|33|1|149.99|
40|100244|1998-04-30|9|33|1|44.99|
27|100245|1998-04-30|9|33|1|44.99|
40|100245|1998-04-30|9|33|1|44.99|
21|100245|1998-04-30|9|33|1|899.99|
26|100245|1998-04-30|9|33|1|149.99|
147|100246|1998-04-30|9|33|1|7.99|
30|100246|1998-04-30|9|33|1|9.99|
21|100246|1998-04-30|9|33|1|899.99|
46|100246|1998-04-30|9|33|1|22.99|
48|100246|1998-04-30|9|33|1|11.99|
26|100246|1998-04-30|9|33|1|149.99|
21|100247|1998-04-30|9|33|1|899.99|
116|100248|1998-04-30|9|33|1|11.99|
116|100249|1998-04-30|9|33|1|11.99|
116|100250|1998-04-30|9|33|1|11.99|
48|100251|1998-04-30|9|33|1|11.99|
26|100251|1998-04-30|9|33|1|149.99|
27|100252|1998-04-30|9|33|1|44.99|
30|100253|1998-04-30|9|33|1|9.99|
35|100254|1998-04-30|9|33|1|49.99|
147|100254|1998-04-30|9|33|1|7.99|
46|100254|1998-04-30|9|33|1|22.99|
40|100254|1998-04-30|9|33|1|44.99|
27|100255|1998-04-30|9|33|1|44.99|
116|100256|1998-04-30|9|33|1|11.99|
35|100256|1998-04-30|9|33|1|49.99|
46|100256|1998-04-30|9|33|1|22.99|
116|100257|1998-04-30|9|33|1|11.99|
30|100257|1998-04-30|9|33|1|9.99|
116|100258|1998-04-30|9|33|1|11.99|
27|100258|1998-04-30|9|33|1|44.99|
35|100258|1998-04-30|9|33|1|49.99|
48|100258|1998-04-30|9|33|1|11.99|
27|100259|1998-04-30|9|33|1|44.99|
46|100259|1998-04-30|9|33|1|22.99|
21|100259|1998-04-30|9|33|1|899.99|
48|100259|1998-04-30|9|33|1|11.99|
128|100259|1998-04-30|9|33|1|27.99|
26|100259|1998-04-30|9|33|1|149.99|
30|100259|1998-04-30|9|33|1|9.99|
116|100261|1998-04-30|9|33|1|11.99|
35|100261|1998-04-30|9|33|1|49.99|
147|100261|1998-04-30|9|33|1|7.99|
26|100261|1998-04-30|9|33|1|149.99|
30|100262|1998-04-30|9|33|1|9.99|
40|100263|1998-04-30|9|33|1|44.99|
26|100263|1998-04-30|9|33|1|149.99|
147|100264|1998-04-30|9|33|1|7.99|
46|100264|1998-04-30|9|33|1|22.99|
40|100264|1998-04-30|9|33|1|44.99|
30|100264|1998-04-30|9|33|1|9.99|
46|100265|1998-04-30|9|33|1|22.99|
21|100265|1998-04-30|9|33|1|899.99|
26|100265|1998-04-30|9|33|1|149.99|
35|100266|1998-04-30|9|33|1|49.99|
26|100266|1998-04-30|9|33|1|149.99|
35|100267|1998-04-30|9|33|1|49.99|
147|100267|1998-04-30|9|33|1|7.99|
46|100267|1998-04-30|9|33|1|22.99|
26|100267|1998-04-30|9|33|1|149.99|
30|100267|1998-04-30|9|33|1|9.99|
35|100268|1998-04-30|9|33|1|49.99|
21|100268|1998-04-30|9|33|1|899.99|
46|100268|1998-04-30|9|33|1|22.99|
30|100268|1998-04-30|9|33|1|9.99|
35|100269|1998-04-30|9|33|1|49.99|
147|100269|1998-04-30|9|33|1|7.99|
46|100269|1998-04-30|9|33|1|22.99|
40|100270|1998-04-30|9|33|1|44.99|
116|100271|1998-04-30|9|33|1|11.99|
46|100271|1998-04-30|9|33|1|22.99|
26|100272|1998-04-30|9|33|1|149.99|
116|100273|1998-04-30|9|33|1|11.99|
35|100273|1998-04-30|9|33|1|49.99|
30|100273|1998-04-30|9|33|1|9.99|
116|100274|1998-04-30|9|33|1|11.99|
30|100274|1998-04-30|9|33|1|9.99|
21|100274|1998-04-30|9|33|1|899.99|
40|100274|1998-04-30|9|33|1|44.99|
26|100274|1998-04-30|9|33|1|149.99|
30|100275|1998-04-30|9|33|1|9.99|
116|100276|1998-04-30|9|33|1|11.99|
35|100276|1998-04-30|9|33|1|49.99|
147|100276|1998-04-30|9|33|1|7.99|
116|100277|1998-04-30|9|33|1|11.99|
27|100277|1998-04-30|9|33|1|44.99|
35|100277|1998-04-30|9|33|1|49.99|
46|100277|1998-04-30|9|33|1|22.99|
128|100277|1998-04-30|9|33|1|27.99|
116|100279|1998-04-30|9|33|1|11.99|
35|100279|1998-04-30|9|33|1|49.99|
147|100279|1998-04-30|9|33|1|7.99|
30|100279|1998-04-30|9|33|1|9.99|
35|100281|1998-05-31|9|33|1|49.99|
46|100281|1998-05-31|9|33|1|22.99|
30|100281|1998-05-31|9|33|1|9.99|
128|100281|1998-05-31|9|33|1|27.99|
27|100282|1998-05-31|9|33|1|44.99|
35|100282|1998-05-31|9|33|1|49.99|
128|100282|1998-05-31|9|33|1|27.99|
30|100282|1998-05-31|9|33|1|9.99|
116|100283|1998-05-31|9|33|1|11.99|
27|100283|1998-05-31|9|33|1|44.99|
35|100283|1998-05-31|9|33|1|49.99|
26|100283|1998-05-31|9|33|1|149.99|
35|100284|1998-05-31|9|33|1|49.99|
35|100285|1998-05-31|9|33|1|49.99|
30|100285|1998-05-31|9|33|1|9.99|
128|100285|1998-05-31|9|33|1|27.99|
116|100286|1998-05-31|9|33|1|11.99|
35|100286|1998-05-31|9|33|1|49.99|
27|100287|1998-05-31|9|33|1|44.99|
46|100287|1998-05-31|9|33|1|22.99|
21|100287|1998-05-31|9|33|1|899.99|
26|100287|1998-05-31|9|33|1|149.99|
116|100288|1998-05-31|9|33|1|11.99|
35|100288|1998-05-31|9|33|1|49.99|
40|100288|1998-05-31|9|33|1|44.99|
48|100288|1998-05-31|9|33|1|11.99|
30|100288|1998-05-31|9|33|1|9.99|
27|100289|1998-05-31|9|33|1|44.99|
46|100289|1998-05-31|9|33|1|22.99|
48|100289|1998-05-31|9|33|1|11.99|
26|100289|1998-05-31|9|33|1|149.99|
128|100289|1998-05-31|9|33|1|27.99|
35|100290|1998-05-31|9|33|1|49.99|
46|100290|1998-05-31|9|33|1|22.99|
40|100290|1998-05-31|9|33|1|44.99|
48|100290|1998-05-31|9|33|1|11.99|
116|100291|1998-05-31|9|33|1|11.99|
35|100291|1998-05-31|9|33|1|49.99|
40|100291|1998-05-31|9|33|1|44.99|
116|100292|1998-05-31|9|33|1|11.99|
27|100292|1998-05-31|9|33|1|44.99|
35|100292|1998-05-31|9|33|1|49.99|
128|100292|1998-05-31|9|33|1|27.99|
26|100292|1998-05-31|9|33|1|149.99|
21|100292|1998-05-31|9|33|1|899.99|
35|100293|1998-05-31|9|33|1|49.99|
147|100293|1998-05-31|9|33|1|7.99|
46|100293|1998-05-31|9|33|1|22.99|
48|100293|1998-05-31|9|33|1|11.99|
128|100293|1998-05-31|9|33|1|27.99|
35|100294|1998-05-31|9|33|1|49.99|
30|100294|1998-05-31|9|33|1|9.99|
26|100294|1998-05-31|9|33|1|149.99|
48|100295|1998-05-31|9|33|1|11.99|
26|100295|1998-05-31|9|33|1|149.99|
21|100296|1998-05-31|9|33|1|899.99|
46|100296|1998-05-31|9|33|1|22.99|
40|100297|1998-05-31|9|33|1|44.99|
21|100297|1998-05-31|9|33|1|899.99|
26|100297|1998-05-31|9|33|1|149.99|
116|100298|1998-05-31|9|33|1|11.99|
40|100298|1998-05-31|9|33|1|44.99|
26|100299|1998-05-31|9|33|1|149.99|
26|100300|1998-05-31|9|33|1|149.99|
21|100300|1998-05-31|9|33|1|899.99|
26|100301|1998-05-31|9|33|1|149.99|
128|100301|1998-05-31|9|33|1|27.99|
27|100302|1998-05-31|9|33|1|44.99|
35|100302|1998-05-31|9|33|1|49.99|
30|100302|1998-05-31|9|33|1|9.99|
35|100304|1998-05-31|9|33|1|49.99|
147|100304|1998-05-31|9|33|1|7.99|
46|100304|1998-05-31|9|33|1|22.99|
30|100304|1998-05-31|9|33|1|9.99|
116|100305|1998-05-31|9|33|1|11.99|
35|100305|1998-05-31|9|33|1|49.99|
147|100306|1998-05-31|9|33|1|7.99|
128|100306|1998-05-31|9|33|1|27.99|
30|100306|1998-05-31|9|33|1|9.99|
46|100306|1998-05-31|9|33|1|22.99|
40|100306|1998-05-31|9|33|1|44.99|
116|100307|1998-05-31|9|33|1|11.99|
35|100307|1998-05-31|9|33|1|49.99|
40|100307|1998-05-31|9|33|1|44.99|
128|100307|1998-05-31|9|33|1|27.99|
147|100308|1998-05-31|9|33|1|7.99|
26|100308|1998-05-31|9|33|1|149.99|
46|100308|1998-05-31|9|33|1|22.99|
30|100308|1998-05-31|9|33|1|9.99|
147|100309|1998-05-31|9|33|1|7.99|
147|100310|1998-05-31|9|33|1|7.99|
21|100311|1998-05-31|9|33|1|899.99|
30|100312|1998-05-31|9|33|1|9.99|
116|100315|1998-05-31|9|33|1|11.99|
26|100315|1998-05-31|9|33|1|149.99|
116|100317|1998-05-31|9|33|1|11.99|
35|100317|1998-05-31|9|33|1|49.99|
147|100317|1998-05-31|9|33|1|7.99|
40|100317|1998-05-31|9|33|1|44.99|
21|100317|1998-05-31|9|33|1|899.99|
48|100317|1998-05-31|9|33|1|11.99|
26|100317|1998-05-31|9|33|1|149.99|
21|100318|1998-05-31|9|33|1|899.99|
48|100318|1998-05-31|9|33|1|11.99|
147|100319|1998-05-31|9|33|1|7.99|
46|100319|1998-05-31|9|33|1|22.99|
30|100319|1998-05-31|9|33|1|9.99|
116|100320|1998-05-31|9|33|1|11.99|
21|100320|1998-05-31|9|33|1|899.99|
48|100320|1998-05-31|9|33|1|11.99|
40|100321|1998-05-31|9|33|1|44.99|
48|100321|1998-05-31|9|33|1|11.99|
128|100321|1998-05-31|9|33|1|27.99|
48|100322|1998-05-31|9|33|1|11.99|
147|100323|1998-05-31|9|33|1|7.99|
46|100323|1998-05-31|9|33|1|22.99|
30|100323|1998-05-31|9|33|1|9.99|
147|100324|1998-05-31|9|33|1|7.99|
128|100324|1998-05-31|9|33|1|27.99|
26|100324|1998-05-31|9|33|1|149.99|
30|100324|1998-05-31|9|33|1|9.99|
147|100325|1998-05-31|9|33|1|7.99|
46|100325|1998-05-31|9|33|1|22.99|
30|100325|1998-05-31|9|33|1|9.99|
128|100326|1998-05-31|9|33|1|27.99|
30|100326|1998-05-31|9|33|1|9.99|
46|100326|1998-05-31|9|33|1|22.99|
116|100328|1998-05-31|9|33|1|11.99|
26|100328|1998-05-31|9|33|1|149.99|
21|100328|1998-05-31|9|33|1|899.99|
46|100328|1998-05-31|9|33|1|22.99|
116|100329|1998-05-31|9|33|1|11.99|
46|100329|1998-05-31|9|33|1|22.99|
21|100329|1998-05-31|9|33|1|899.99|
26|100329|1998-05-31|9|33|1|149.99|
21|100330|1998-05-31|9|33|1|899.99|
128|100331|1998-05-31|9|33|1|27.99|
116|100332|1998-05-31|9|33|1|11.99|
26|100332|1998-05-31|9|33|1|149.99|
21|100332|1998-05-31|9|33|1|899.99|
48|100332|1998-05-31|9|33|1|11.99|
116|100333|1998-05-31|9|33|1|11.99|
35|100333|1998-05-31|9|33|1|49.99|
147|100333|1998-05-31|9|33|1|7.99|
46|100333|1998-05-31|9|33|1|22.99|
48|100333|1998-05-31|9|33|1|11.99|
128|100334|1998-05-31|9|33|1|27.99|
46|100334|1998-05-31|9|33|1|22.99|
128|100335|1998-05-31|9|33|1|27.99|
30|100335|1998-05-31|9|33|1|9.99|
27|100336|1998-05-31|9|33|1|44.99|
35|100336|1998-05-31|9|33|1|49.99|
26|100336|1998-05-31|9|33|1|149.99|
21|100336|1998-05-31|9|33|1|899.99|
40|100336|1998-05-31|9|33|1|44.99|
48|100336|1998-05-31|9|33|1|11.99|
30|100336|1998-05-31|9|33|1|9.99|
147|100337|1998-05-31|9|33|1|7.99|
46|100337|1998-05-31|9|33|1|22.99|
40|100337|1998-05-31|9|33|1|44.99|
30|100337|1998-05-31|9|33|1|9.99|
128|100337|1998-05-31|9|33|1|27.99|
27|100338|1998-05-31|9|33|1|44.99|
128|100338|1998-05-31|9|33|1|27.99|
27|100340|1998-05-31|9|33|1|44.99|
26|100340|1998-05-31|9|33|1|149.99|
40|100340|1998-05-31|9|33|1|44.99|
116|100341|1998-05-31|9|33|1|11.99|
30|100341|1998-05-31|9|33|1|9.99|
116|100342|1998-05-31|9|33|1|11.99|
48|100342|1998-05-31|9|33|1|11.99|
26|100342|1998-05-31|9|33|1|149.99|
116|100343|1998-05-31|9|33|1|11.99|
147|100343|1998-05-31|9|33|1|7.99|
46|100343|1998-05-31|9|33|1|22.99|
21|100343|1998-05-31|9|33|1|899.99|
30|100343|1998-05-31|9|33|1|9.99|
48|100344|1998-05-31|9|33|1|11.99|
35|100345|1998-05-31|9|33|1|49.99|
116|100346|1998-05-31|9|33|1|11.99|
147|100346|1998-05-31|9|33|1|7.99|
147|100347|1998-05-31|9|33|1|7.99|
46|100347|1998-05-31|9|33|1|22.99|
30|100347|1998-05-31|9|33|1|9.99|
116|100348|1998-05-31|9|33|1|11.99|
35|100348|1998-05-31|9|33|1|49.99|
26|100348|1998-05-31|9|33|1|149.99|
21|100348|1998-05-31|9|33|1|899.99|
46|100348|1998-05-31|9|33|1|22.99|
147|100350|1998-05-31|9|33|1|7.99|
128|100350|1998-05-31|9|33|1|27.99|
26|100350|1998-05-31|9|33|1|149.99|
116|100351|1998-10-31|9|33|1|11.99|
35|100351|1998-10-31|9|33|1|49.99|
46|100351|1998-10-31|9|33|1|22.99|
21|100351|1998-10-31|9|33|1|899.99|
48|100351|1998-10-31|9|33|1|11.99|
128|100351|1998-10-31|9|33|1|27.99|
116|100352|1998-10-31|9|33|1|11.99|
27|100352|1998-10-31|9|33|1|44.99|
35|100352|1998-10-31|9|33|1|49.99|
21|100352|1998-10-31|9|33|1|899.99|
27|100354|1998-10-31|9|33|1|44.99|
26|100354|1998-10-31|9|33|1|149.99|
147|100355|1998-10-31|9|33|1|7.99|
46|100355|1998-10-31|9|33|1|22.99|
128|100355|1998-10-31|9|33|1|27.99|
30|100355|1998-10-31|9|33|1|9.99|
35|100356|1998-10-31|9|33|1|49.99|
147|100356|1998-10-31|9|33|1|7.99|
46|100356|1998-10-31|9|33|1|22.99|
40|100356|1998-10-31|9|33|1|44.99|
30|100356|1998-10-31|9|33|1|9.99|
116|100357|1998-10-31|9|33|1|11.99|
40|100357|1998-10-31|9|33|1|44.99|
147|100358|1998-10-31|9|33|1|7.99|
128|100358|1998-10-31|9|33|1|27.99|
30|100358|1998-10-31|9|33|1|9.99|
46|100358|1998-10-31|9|33|1|22.99|
147|100359|1998-10-31|9|33|1|7.99|
46|100359|1998-10-31|9|33|1|22.99|
48|100359|1998-10-31|9|33|1|11.99|
30|100359|1998-10-31|9|33|1|9.99|
30|100361|1998-10-31|9|33|1|9.99|
116|100362|1998-10-31|9|33|1|11.99|
35|100362|1998-10-31|9|33|1|49.99|
147|100362|1998-10-31|9|33|1|7.99|
128|100362|1998-10-31|9|33|1|27.99|
21|100362|1998-10-31|9|33|1|899.99|
26|100362|1998-10-31|9|33|1|149.99|
27|100364|1998-10-31|9|33|1|44.99|
48|100364|1998-10-31|9|33|1|11.99|
30|100364|1998-10-31|9|33|1|9.99|
27|100365|1998-10-31|9|33|1|44.99|
35|100365|1998-10-31|9|33|1|49.99|
21|100365|1998-10-31|9|33|1|899.99|
26|100365|1998-10-31|9|33|1|149.99|
30|100365|1998-10-31|9|33|1|9.99|
116|100366|1998-10-31|9|33|1|11.99|
128|100366|1998-10-31|9|33|1|27.99|
21|100366|1998-10-31|9|33|1|899.99|
46|100366|1998-10-31|9|33|1|22.99|
26|100366|1998-10-31|9|33|1|149.99|
116|100367|1998-10-31|9|33|1|11.99|
35|100367|1998-10-31|9|33|1|49.99|
26|100367|1998-10-31|9|33|1|149.99|
147|100368|1998-10-31|9|33|1|7.99|
21|100368|1998-10-31|9|33|1|899.99|
46|100368|1998-10-31|9|33|1|22.99|
40|100368|1998-10-31|9|33|1|44.99|
30|100368|1998-10-31|9|33|1|9.99|
27|100369|1998-10-31|9|33|1|44.99|
35|100369|1998-10-31|9|33|1|49.99|
48|100369|1998-10-31|9|33|1|11.99|
116|100370|1998-10-31|9|33|1|11.99|
35|100370|1998-10-31|9|33|1|49.99|
48|100370|1998-10-31|9|33|1|11.99|
116|100371|1998-10-31|9|33|1|11.99|
40|100372|1998-10-31|9|33|1|44.99|
21|100373|1998-10-31|9|33|1|899.99|
26|100373|1998-10-31|9|33|1|149.99|
26|100374|1998-10-31|9|33|1|149.99|
116|100375|1998-10-31|9|33|1|11.99|
21|100375|1998-10-31|9|33|1|899.99|
26|100375|1998-10-31|9|33|1|149.99|
116|100376|1998-10-31|9|33|1|11.99|
35|100376|1998-10-31|9|33|1|49.99|
26|100376|1998-10-31|9|33|1|149.99|
21|100376|1998-10-31|9|33|1|899.99|
116|100377|1998-10-31|9|33|1|11.99|
21|100377|1998-10-31|9|33|1|899.99|
48|100377|1998-10-31|9|33|1|11.99|
21|100378|1998-10-31|9|33|1|899.99|
27|100379|1998-10-31|9|33|1|44.99|
21|100379|1998-10-31|9|33|1|899.99|
26|100380|1998-10-31|9|33|1|149.99|
21|100380|1998-10-31|9|33|1|899.99|
40|100381|1998-10-31|9|33|1|44.99|
27|100382|1998-10-31|9|33|1|44.99|
30|100382|1998-10-31|9|33|1|9.99|
46|100382|1998-10-31|9|33|1|22.99|
27|100383|1998-10-31|9|33|1|44.99|
35|100383|1998-10-31|9|33|1|49.99|
26|100383|1998-10-31|9|33|1|149.99|
27|100384|1998-10-31|9|33|1|44.99|
21|100384|1998-10-31|9|33|1|899.99|
46|100384|1998-10-31|9|33|1|22.99|
116|100385|1998-10-31|9|33|1|11.99|
21|100385|1998-10-31|9|33|1|899.99|
147|100161|1998-04-30|9|33|1|7.99|
46|100161|1998-04-30|9|33|1|22.99|
40|100161|1998-04-30|9|33|1|44.99|
21|100161|1998-04-30|9|33|1|899.99|
26|100161|1998-04-30|9|33|1|149.99|
30|100161|1998-04-30|9|33|1|9.99|
116|100162|1998-04-30|9|33|1|11.99|
35|100162|1998-04-30|9|33|1|49.99|
147|100162|1998-04-30|9|33|1|7.99|
48|100162|1998-04-30|9|33|1|11.99|
35|100163|1998-04-30|9|33|1|49.99|
147|100163|1998-04-30|9|33|1|7.99|
46|100163|1998-04-30|9|33|1|22.99|
128|100163|1998-04-30|9|33|1|27.99|
30|100163|1998-04-30|9|33|1|9.99|
35|100165|1998-04-30|9|33|1|49.99|
116|100166|1998-04-30|9|33|1|11.99|
35|100166|1998-04-30|9|33|1|49.99|
26|100166|1998-04-30|9|33|1|149.99|
46|100167|1998-04-30|9|33|1|22.99|
147|100168|1998-04-30|9|33|1|7.99|
26|100168|1998-04-30|9|33|1|149.99|
46|100168|1998-04-30|9|33|1|22.99|
116|100169|1998-04-30|9|33|1|11.99|
46|100169|1998-04-30|9|33|1|22.99|
40|100169|1998-04-30|9|33|1|44.99|
21|100169|1998-04-30|9|33|1|899.99|
48|100169|1998-04-30|9|33|1|11.99|
30|100169|1998-04-30|9|33|1|9.99|
147|100170|1998-04-30|9|33|1|7.99|
30|100170|1998-04-30|9|33|1|9.99|
21|100170|1998-04-30|9|33|1|899.99|
46|100170|1998-04-30|9|33|1|22.99|
26|100170|1998-04-30|9|33|1|149.99|
35|100171|1998-04-30|9|33|1|49.99|
26|100171|1998-04-30|9|33|1|149.99|
30|100171|1998-04-30|9|33|1|9.99|
27|100173|1998-04-30|9|33|1|44.99|
35|100173|1998-04-30|9|33|1|49.99|
147|100174|1998-04-30|9|33|1|7.99|
40|100174|1998-04-30|9|33|1|44.99|
27|100175|1998-04-30|9|33|1|44.99|
147|100175|1998-04-30|9|33|1|7.99|
21|100175|1998-04-30|9|33|1|899.99|
27|100176|1998-04-30|9|33|1|44.99|
147|100176|1998-04-30|9|33|1|7.99|
128|100176|1998-04-30|9|33|1|27.99|
46|100176|1998-04-30|9|33|1|22.99|
30|100176|1998-04-30|9|33|1|9.99|
116|100177|1998-04-30|9|33|1|11.99|
27|100177|1998-04-30|9|33|1|44.99|
35|100177|1998-04-30|9|33|1|49.99|
46|100177|1998-04-30|9|33|1|22.99|
48|100177|1998-04-30|9|33|1|11.99|
116|100178|1998-04-30|9|33|1|11.99|
35|100178|1998-04-30|9|33|1|49.99|
147|100179|1998-04-30|9|33|1|7.99|
26|100179|1998-04-30|9|33|1|149.99|
147|100180|1998-04-30|9|33|1|7.99|
26|100180|1998-04-30|9|33|1|149.99|
46|100180|1998-04-30|9|33|1|22.99|
48|100180|1998-04-30|9|33|1|11.99|
35|100181|1998-04-30|9|33|1|49.99|
147|100181|1998-04-30|9|33|1|7.99|
46|100181|1998-04-30|9|33|1|22.99|
21|100181|1998-04-30|9|33|1|899.99|
30|100181|1998-04-30|9|33|1|9.99|
147|100182|1998-04-30|9|33|1|7.99|
30|100182|1998-04-30|9|33|1|9.99|
128|100183|1998-04-30|9|33|1|27.99|
128|100184|1998-04-30|9|33|1|27.99|
26|100184|1998-04-30|9|33|1|149.99|
21|100184|1998-04-30|9|33|1|899.99|
116|100185|1998-04-30|9|33|1|11.99|
35|100185|1998-04-30|9|33|1|49.99|
30|100185|1998-04-30|9|33|1|9.99|
128|100185|1998-04-30|9|33|1|27.99|
147|100186|1998-04-30|9|33|1|7.99|
26|100186|1998-04-30|9|33|1|149.99|
116|100187|1998-04-30|9|33|1|11.99|
35|100187|1998-04-30|9|33|1|49.99|
26|100187|1998-04-30|9|33|1|149.99|
116|100188|1998-04-30|9|33|1|11.99|
21|100188|1998-04-30|9|33|1|899.99|
40|100188|1998-04-30|9|33|1|44.99|
116|100189|1998-04-30|9|33|1|11.99|
35|100189|1998-04-30|9|33|1|49.99|
147|100189|1998-04-30|9|33|1|7.99|
46|100189|1998-04-30|9|33|1|22.99|
40|100189|1998-04-30|9|33|1|44.99|
21|100189|1998-04-30|9|33|1|899.99|
30|100189|1998-04-30|9|33|1|9.99|
147|100190|1998-04-30|9|33|1|7.99|
128|100190|1998-04-30|9|33|1|27.99|
30|100190|1998-04-30|9|33|1|9.99|
21|100190|1998-04-30|9|33|1|899.99|
46|100190|1998-04-30|9|33|1|22.99|
147|100191|1998-04-30|9|33|1|7.99|
27|100192|1998-04-30|9|33|1|44.99|
21|100192|1998-04-30|9|33|1|899.99|
48|100193|1998-04-30|9|33|1|11.99|
35|100194|1998-04-30|9|33|1|49.99|
147|100194|1998-04-30|9|33|1|7.99|
30|100194|1998-04-30|9|33|1|9.99|
21|100194|1998-04-30|9|33|1|899.99|
46|100194|1998-04-30|9|33|1|22.99|
26|100194|1998-04-30|9|33|1|149.99|
116|100196|1998-04-30|9|33|1|11.99|
27|100196|1998-04-30|9|33|1|44.99|
35|100196|1998-04-30|9|33|1|49.99|
26|100196|1998-04-30|9|33|1|149.99|
21|100196|1998-04-30|9|33|1|899.99|
46|100196|1998-04-30|9|33|1|22.99|
48|100196|1998-04-30|9|33|1|11.99|
46|100197|1998-04-30|9|33|1|22.99|
116|100198|1998-04-30|9|33|1|11.99|
27|100198|1998-04-30|9|33|1|44.99|
35|100198|1998-04-30|9|33|1|49.99|
26|100198|1998-04-30|9|33|1|149.99|
27|100199|1998-04-30|9|33|1|44.99|
35|100199|1998-04-30|9|33|1|49.99|
147|100199|1998-04-30|9|33|1|7.99|
46|100199|1998-04-30|9|33|1|22.99|
30|100199|1998-04-30|9|33|1|9.99|
116|100200|1998-04-30|9|33|1|11.99|
147|100200|1998-04-30|9|33|1|7.99|
46|100200|1998-04-30|9|33|1|22.99|
30|100200|1998-04-30|9|33|1|9.99|
116|100201|1998-04-30|9|33|1|11.99|
46|100201|1998-04-30|9|33|1|22.99|
147|100202|1998-04-30|9|33|1|7.99|
30|100202|1998-04-30|9|33|1|9.99|
21|100202|1998-04-30|9|33|1|899.99|
46|100202|1998-04-30|9|33|1|22.99|
147|100203|1998-04-30|9|33|1|7.99|
128|100203|1998-04-30|9|33|1|27.99|
147|100204|1998-04-30|9|33|1|7.99|
128|100204|1998-04-30|9|33|1|27.99|
26|100204|1998-04-30|9|33|1|149.99|
46|100204|1998-04-30|9|33|1|22.99|
30|100204|1998-04-30|9|33|1|9.99|
116|100205|1998-04-30|9|33|1|11.99|
147|100205|1998-04-30|9|33|1|7.99|
116|100206|1998-04-30|9|33|1|11.99|
128|100206|1998-04-30|9|33|1|27.99|
30|100206|1998-04-30|9|33|1|9.99|
46|100206|1998-04-30|9|33|1|22.99|
116|100207|1998-04-30|9|33|1|11.99|
116|100208|1998-04-30|9|33|1|11.99|
27|100208|1998-04-30|9|33|1|44.99|
128|100208|1998-04-30|9|33|1|27.99|
116|100209|1998-04-30|9|33|1|11.99|
35|100209|1998-04-30|9|33|1|49.99|
30|100209|1998-04-30|9|33|1|9.99|
116|100210|1998-04-30|9|33|1|11.99|
21|100210|1998-04-30|9|33|1|899.99|
26|100210|1998-04-30|9|33|1|149.99|
116|100211|1998-04-30|9|33|1|11.99|
35|100211|1998-04-30|9|33|1|49.99|
128|100212|1998-04-30|9|33|1|27.99|
21|100212|1998-04-30|9|33|1|899.99|
128|100213|1998-04-30|9|33|1|27.99|
128|100214|1998-04-30|9|33|1|27.99|
21|100214|1998-04-30|9|33|1|899.99|
26|100214|1998-04-30|9|33|1|149.99|
116|100215|1998-04-30|9|33|1|11.99|
40|100215|1998-04-30|9|33|1|44.99|
128|100215|1998-04-30|9|33|1|27.99|
35|100216|1998-04-30|9|33|1|49.99|
26|100216|1998-04-30|9|33|1|149.99|
30|100216|1998-04-30|9|33|1|9.99|
48|100217|1998-04-30|9|33|1|11.99|
26|100217|1998-04-30|9|33|1|149.99|
116|100218|1998-04-30|9|33|1|11.99|
35|100218|1998-04-30|9|33|1|49.99|
30|100218|1998-04-30|9|33|1|9.99|
27|100219|1998-04-30|9|33|1|44.99|
35|100219|1998-04-30|9|33|1|49.99|
147|100219|1998-04-30|9|33|1|7.99|
46|100219|1998-04-30|9|33|1|22.99|
30|100219|1998-04-30|9|33|1|9.99|
27|100220|1998-04-30|9|33|1|44.99|
128|100220|1998-04-30|9|33|1|27.99|
46|100220|1998-04-30|9|33|1|22.99|
40|100220|1998-04-30|9|33|1|44.99|
30|100220|1998-04-30|9|33|1|9.99|
35|100221|1998-04-30|9|33|1|49.99|
21|100221|1998-04-30|9|33|1|899.99|
26|100221|1998-04-30|9|33|1|149.99|
27|100222|1998-04-30|9|33|1|44.99|
128|100222|1998-04-30|9|33|1|27.99|
40|100222|1998-04-30|9|33|1|44.99|
26|100222|1998-04-30|9|33|1|149.99|
116|100223|1998-04-30|9|33|1|11.99|
35|100223|1998-04-30|9|33|1|49.99|
40|100223|1998-04-30|9|33|1|44.99|
26|100224|1998-04-30|9|33|1|149.99|
21|100224|1998-04-30|9|33|1|899.99|
46|100224|1998-04-30|9|33|1|22.99|
30|100224|1998-04-30|9|33|1|9.99|
116|100225|1998-04-30|9|33|1|11.99|
35|100225|1998-04-30|9|33|1|49.99|
26|100225|1998-04-30|9|33|1|149.99|
116|100226|1998-04-30|9|33|1|11.99|
35|100226|1998-04-30|9|33|1|49.99|
40|100226|1998-04-30|9|33|1|44.99|
48|100226|1998-04-30|9|33|1|11.99|
26|100226|1998-04-30|9|33|1|149.99|
147|100227|1998-04-30|9|33|1|7.99|
40|100229|1998-04-30|9|33|1|44.99|
16|100001|1998-03-31|9|33|1|11.99|
40|100001|1998-03-31|9|33|1|44.99|
48|100001|1998-03-31|9|33|1|11.99|
116|100002|1998-03-31|9|33|1|11.99|
40|100002|1998-03-31|9|33|1|44.99|
147|100003|1998-03-31|9|33|1|7.99|
46|100003|1998-03-31|9|33|1|22.99|
21|100003|1998-03-31|9|33|1|899.99|
30|100003|1998-03-31|9|33|1|9.99|
35|100004|1998-03-31|9|33|1|49.99|
48|100004|1998-03-31|9|33|1|11.99|
35|100006|1998-03-31|9|33|1|49.99|
21|100006|1998-03-31|9|33|1|899.99|
40|100006|1998-03-31|9|33|1|44.99|
27|100007|1998-03-31|9|33|1|44.99|
26|100007|1998-03-31|9|33|1|149.99|
147|100008|1998-03-31|9|33|1|7.99|
46|100009|1998-03-31|9|33|1|22.99|
26|100009|1998-03-31|9|33|1|149.99|
21|100010|1998-03-31|9|33|1|899.99|
26|100010|1998-03-31|9|33|1|149.99|
35|100011|1998-03-31|9|33|1|49.99|
40|100011|1998-03-31|9|33|1|44.99|
21|100011|1998-03-31|9|33|1|899.99|
48|100011|1998-03-31|9|33|1|11.99|
26|100011|1998-03-31|9|33|1|149.99|
30|100011|1998-03-31|9|33|1|9.99|
26|100012|1998-03-31|9|33|1|149.99|
21|100012|1998-03-31|9|33|1|899.99|
46|100013|1998-03-31|9|33|1|22.99|
21|100013|1998-03-31|9|33|1|899.99|
48|100013|1998-03-31|9|33|1|11.99|
128|100013|1998-03-31|9|33|1|27.99|
27|100014|1998-03-31|9|33|1|44.99|
21|100014|1998-03-31|9|33|1|899.99|
27|100015|1998-03-31|9|33|1|44.99|
21|100015|1998-03-31|9|33|1|899.99|
48|100015|1998-03-31|9|33|1|11.99|
26|100015|1998-03-31|9|33|1|149.99|
27|100016|1998-03-31|9|33|1|44.99|
147|100016|1998-03-31|9|33|1|7.99|
46|100016|1998-03-31|9|33|1|22.99|
21|100017|1998-03-31|9|33|1|899.99|
26|100017|1998-03-31|9|33|1|149.99|
30|100017|1998-03-31|9|33|1|9.99|
21|100018|1998-03-31|9|33|1|899.99|
147|100019|1998-03-31|9|33|1|7.99|
21|100019|1998-03-31|9|33|1|899.99|
116|100020|1998-03-31|9|33|1|11.99|
35|100020|1998-03-31|9|33|1|49.99|
26|100020|1998-03-31|9|33|1|149.99|
21|100020|1998-03-31|9|33|1|899.99|
30|100020|1998-03-31|9|33|1|9.99|
46|100021|1998-03-31|9|33|1|22.99|
21|100021|1998-03-31|9|33|1|899.99|
116|100022|1998-03-31|9|33|1|11.99|
35|100022|1998-03-31|9|33|1|49.99|
21|100023|1998-03-31|9|33|1|899.99|
35|100024|1998-03-31|9|33|1|49.99|
147|100024|1998-03-31|9|33|1|7.99|
128|100024|1998-03-31|9|33|1|27.99|
26|100024|1998-03-31|9|33|1|149.99|
46|100024|1998-03-31|9|33|1|22.99|
40|100024|1998-03-31|9|33|1|44.99|
48|100024|1998-03-31|9|33|1|11.99|
30|100024|1998-03-31|9|33|1|9.99|
116|100025|1998-03-31|9|33|1|11.99|
147|100025|1998-03-31|9|33|1|7.99|
147|100026|1998-03-31|9|33|1|7.99|
46|100026|1998-03-31|9|33|1|22.99|
48|100026|1998-03-31|9|33|1|11.99|
26|100026|1998-03-31|9|33|1|149.99|
116|100027|1998-03-31|9|33|1|11.99|
35|100027|1998-03-31|9|33|1|49.99|
40|100027|1998-03-31|9|33|1|44.99|
116|100029|1998-03-31|9|33|1|11.99|
35|100029|1998-03-31|9|33|1|49.99|
40|100029|1998-03-31|9|33|1|44.99|
21|100029|1998-03-31|9|33|1|899.99|
128|100030|1998-03-31|9|33|1|27.99|
35|100031|1998-03-31|9|33|1|49.99|
147|100031|1998-03-31|9|33|1|7.99|
46|100031|1998-03-31|9|33|1|22.99|
21|100031|1998-03-31|9|33|1|899.99|
35|100032|1998-03-31|9|33|1|49.99|
46|100032|1998-03-31|9|33|1|22.99|
35|100033|1998-03-31|9|33|1|49.99|
147|100033|1998-03-31|9|33|1|7.99|
30|100033|1998-03-31|9|33|1|9.99|
128|100033|1998-03-31|9|33|1|27.99|
26|100034|1998-03-31|9|33|1|149.99|
27|100035|1998-03-31|9|33|1|44.99|
40|100035|1998-03-31|9|33|1|44.99|
26|100037|1998-03-31|9|33|1|149.99|
40|100038|1998-03-31|9|33|1|44.99|
116|100039|1998-03-31|9|33|1|11.99|
21|100039|1998-03-31|9|33|1|899.99|
116|100040|1998-03-31|9|33|1|11.99|
35|100040|1998-03-31|9|33|1|49.99|
147|100041|1998-03-31|9|33|1|7.99|
40|100041|1998-03-31|9|33|1|44.99|
27|100042|1998-03-31|9|33|1|44.99|
35|100043|1998-03-31|9|33|1|49.99|
147|100043|1998-03-31|9|33|1|7.99|
46|100043|1998-03-31|9|33|1|22.99|
21|100043|1998-03-31|9|33|1|899.99|
128|100043|1998-03-31|9|33|1|27.99|
30|100043|1998-03-31|9|33|1|9.99|
128|100044|1998-03-31|9|33|1|27.99|
26|100044|1998-03-31|9|33|1|149.99|
40|100045|1998-03-31|9|33|1|44.99|
26|100045|1998-03-31|9|33|1|149.99|
35|100046|1998-03-31|9|33|1|49.99|
21|100047|1998-03-31|9|33|1|899.99|
116|100048|1998-03-31|9|33|1|11.99|
35|100048|1998-03-31|9|33|1|49.99|
46|100048|1998-03-31|9|33|1|22.99|
116|100049|1998-03-31|9|33|1|11.99|
27|100049|1998-03-31|9|33|1|44.99|
35|100049|1998-03-31|9|33|1|49.99|
46|100050|1998-03-31|9|33|1|22.99|
46|100051|1998-03-31|9|33|1|22.99|
35|100052|1998-03-31|9|33|1|49.99|
147|100052|1998-03-31|9|33|1|7.99|
26|100052|1998-03-31|9|33|1|149.99|
21|100052|1998-03-31|9|33|1|899.99|
27|100053|1998-03-31|9|33|1|44.99|
35|100053|1998-03-31|9|33|1|49.99|
40|100053|1998-03-31|9|33|1|44.99|
27|100054|1998-03-31|9|33|1|44.99|
147|100054|1998-03-31|9|33|1|7.99|
30|100054|1998-03-31|9|33|1|9.99|
46|100054|1998-03-31|9|33|1|22.99|
147|100055|1998-03-31|9|33|1|7.99|
48|100055|1998-03-31|9|33|1|11.99|
35|100056|1998-03-31|9|33|1|49.99|
26|100057|1998-03-31|9|33|1|149.99|
35|100058|1998-03-31|9|33|1|49.99|
147|100058|1998-03-31|9|33|1|7.99|
30|100058|1998-03-31|9|33|1|9.99|
26|100058|1998-03-31|9|33|1|149.99|
116|100059|1998-03-31|9|33|1|11.99|
35|100059|1998-03-31|9|33|1|49.99|
21|100059|1998-03-31|9|33|1|899.99|
116|100060|1998-03-31|9|33|1|11.99|
27|100061|1998-03-31|9|33|1|44.99|
116|100062|1998-03-31|9|33|1|11.99|
27|100062|1998-03-31|9|33|1|44.99|
128|100062|1998-03-31|9|33|1|27.99|
30|100062|1998-03-31|9|33|1|9.99|
21|100063|1998-03-31|9|33|1|899.99|
48|100063|1998-03-31|9|33|1|11.99|
128|100063|1998-03-31|9|33|1|27.99|
116|100064|1998-03-31|9|33|1|11.99|
35|100064|1998-03-31|9|33|1|49.99|
116|100065|1998-03-31|9|33|1|11.99|
48|100065|1998-03-31|9|33|1|11.99|
26|100065|1998-03-31|9|33|1|149.99|
27|100066|1998-03-31|9|33|1|44.99|
147|100066|1998-03-31|9|33|1|7.99|
128|100066|1998-03-31|9|33|1|27.99|
30|100066|1998-03-31|9|33|1|9.99|
46|100066|1998-03-31|9|33|1|22.99|
48|100066|1998-03-31|9|33|1|11.99|
27|100067|1998-03-31|9|33|1|44.99|
21|100067|1998-03-31|9|33|1|899.99|
128|100067|1998-03-31|9|33|1|27.99|
147|100068|1998-03-31|9|33|1|7.99|
48|100069|1998-03-31|9|33|1|11.99|
26|100069|1998-03-31|9|33|1|149.99|
30|100070|1998-03-31|9|33|1|9.99|
48|100070|1998-03-31|9|33|1|11.99|
26|100070|1998-03-31|9|33|1|149.99|
116|100071|1998-03-31|9|33|1|11.99|
35|100071|1998-03-31|9|33|1|49.99|
40|100071|1998-03-31|9|33|1|44.99|
48|100071|1998-03-31|9|33|1|11.99|
26|100071|1998-03-31|9|33|1|149.99|
128|100072|1998-03-31|9|33|1|27.99|
46|100073|1998-03-31|9|33|1|22.99|
116|100074|1998-03-31|9|33|1|11.99|
35|100074|1998-03-31|9|33|1|49.99|
147|100074|1998-03-31|9|33|1|7.99|
26|100074|1998-03-31|9|33|1|149.99|
46|100075|1998-03-31|9|33|1|22.99|
21|100075|1998-03-31|9|33|1|899.99|
116|100076|1998-03-31|9|33|1|11.99|
35|100076|1998-03-31|9|33|1|49.99|
46|100076|1998-03-31|9|33|1|22.99|
46|100077|1998-03-31|9|33|1|22.99|
147|100078|1998-03-31|9|33|1|7.99|
30|100078|1998-03-31|9|33|1|9.99|
21|100078|1998-03-31|9|33|1|899.99|
26|100078|1998-03-31|9|33|1|149.99|
46|100079|1998-03-31|9|33|1|22.99|
21|100079|1998-03-31|9|33|1|899.99|
147|100080|1998-03-31|9|33|1|7.99|
46|100080|1998-03-31|9|33|1|22.99|
30|100080|1998-03-31|9|33|1|9.99|
26|100082|1998-03-31|9|33|1|149.99|
21|100083|1998-03-31|9|33|1|899.99|
26|100083|1998-03-31|9|33|1|149.99|
128|100084|1998-03-31|9|33|1|27.99|
21|100084|1998-03-31|9|33|1|899.99|
147|100085|1998-03-31|9|33|1|7.99|
21|100086|1998-03-31|9|33|1|899.99|
46|100086|1998-03-31|9|33|1|22.99|
40|100086|1998-03-31|9|33|1|44.99|
27|100088|1998-03-31|9|33|1|44.99|
46|100088|1998-03-31|9|33|1|22.99|
46|100531|1998-11-30|9|33|1|22.99|
27|100532|1998-11-30|9|33|1|44.99|
147|100532|1998-11-30|9|33|1|7.99|
26|100532|1998-11-30|9|33|1|149.99|
46|100532|1998-11-30|9|33|1|22.99|
30|100532|1998-11-30|9|33|1|9.99|
147|100533|1998-11-30|9|33|1|7.99|
21|100533|1998-11-30|9|33|1|899.99|
26|100533|1998-11-30|9|33|1|149.99|
128|100533|1998-11-30|9|33|1|27.99|
116|100534|1998-11-30|9|33|1|11.99|
35|100534|1998-11-30|9|33|1|49.99|
128|100534|1998-11-30|9|33|1|27.99|
26|100534|1998-11-30|9|33|1|149.99|
35|100535|1998-11-30|9|33|1|49.99|
21|100535|1998-11-30|9|33|1|899.99|
27|100536|1998-11-30|9|33|1|44.99|
128|100536|1998-11-30|9|33|1|27.99|
26|100536|1998-11-30|9|33|1|149.99|
21|100536|1998-11-30|9|33|1|899.99|
46|100536|1998-11-30|9|33|1|22.99|
48|100536|1998-11-30|9|33|1|11.99|
26|100537|1998-11-30|9|33|1|149.99|
30|100537|1998-11-30|9|33|1|9.99|
147|100538|1998-11-30|9|33|1|7.99|
30|100538|1998-11-30|9|33|1|9.99|
46|100538|1998-11-30|9|33|1|22.99|
40|100538|1998-11-30|9|33|1|44.99|
21|100539|1998-11-30|9|33|1|899.99|
128|100539|1998-11-30|9|33|1|27.99|
40|100540|1998-11-30|9|33|1|44.99|
147|100541|1998-11-30|9|33|1|7.99|
40|100541|1998-11-30|9|33|1|44.99|
30|100541|1998-11-30|9|33|1|9.99|
147|100542|1998-11-30|9|33|1|7.99|
30|100542|1998-11-30|9|33|1|9.99|
21|100542|1998-11-30|9|33|1|899.99|
46|100542|1998-11-30|9|33|1|22.99|
40|100542|1998-11-30|9|33|1|44.99|
26|100542|1998-11-30|9|33|1|149.99|
116|100543|1998-11-30|9|33|1|11.99|
35|100543|1998-11-30|9|33|1|49.99|
46|100543|1998-11-30|9|33|1|22.99|
21|100543|1998-11-30|9|33|1|899.99|
35|100544|1998-11-30|9|33|1|49.99|
147|100544|1998-11-30|9|33|1|7.99|
46|100544|1998-11-30|9|33|1|22.99|
30|100544|1998-11-30|9|33|1|9.99|
116|100545|1998-11-30|9|33|1|11.99|
26|100545|1998-11-30|9|33|1|149.99|
35|100546|1998-11-30|9|33|1|49.99|
116|100547|1998-11-30|9|33|1|11.99|
35|100547|1998-11-30|9|33|1|49.99|
30|100547|1998-11-30|9|33|1|9.99|
35|100548|1998-11-30|9|33|1|49.99|
40|100548|1998-11-30|9|33|1|44.99|
116|100549|1998-11-30|9|33|1|11.99|
35|100549|1998-11-30|9|33|1|49.99|
116|100550|1998-11-30|9|33|1|11.99|
27|100550|1998-11-30|9|33|1|44.99|
35|100550|1998-11-30|9|33|1|49.99|
46|100551|1998-11-30|9|33|1|22.99|
40|100551|1998-11-30|9|33|1|44.99|
128|100552|1998-11-30|9|33|1|27.99|
40|100552|1998-11-30|9|33|1|44.99|
116|100553|1998-11-30|9|33|1|11.99|
35|100553|1998-11-30|9|33|1|49.99|
147|100553|1998-11-30|9|33|1|7.99|
46|100553|1998-11-30|9|33|1|22.99|
21|100553|1998-11-30|9|33|1|899.99|
26|100553|1998-11-30|9|33|1|149.99|
27|100554|1998-11-30|9|33|1|44.99|
30|100554|1998-11-30|9|33|1|9.99|
48|100554|1998-11-30|9|33|1|11.99|
147|100555|1998-11-30|9|33|1|7.99|
46|100555|1998-11-30|9|33|1|22.99|
30|100555|1998-11-30|9|33|1|9.99|
147|100556|1998-11-30|9|33|1|7.99|
128|100556|1998-11-30|9|33|1|27.99|
46|100556|1998-11-30|9|33|1|22.99|
30|100556|1998-11-30|9|33|1|9.99|
147|100558|1998-11-30|9|33|1|7.99|
128|100558|1998-11-30|9|33|1|27.99|
30|100558|1998-11-30|9|33|1|9.99|
46|100558|1998-11-30|9|33|1|22.99|
35|100559|1998-11-30|9|33|1|49.99|
27|100560|1998-11-30|9|33|1|44.99|
48|100560|1998-11-30|9|33|1|11.99|
27|100561|1998-11-30|9|33|1|44.99|
35|100561|1998-11-30|9|33|1|49.99|
46|100561|1998-11-30|9|33|1|22.99|
26|100561|1998-11-30|9|33|1|149.99|
116|100562|1998-11-30|9|33|1|11.99|
27|100562|1998-11-30|9|33|1|44.99|
21|100562|1998-11-30|9|33|1|899.99|
116|100563|1998-11-30|9|33|1|11.99|
128|100563|1998-11-30|9|33|1|27.99|
26|100563|1998-11-30|9|33|1|149.99|
35|100564|1998-11-30|9|33|1|49.99|
116|100565|1998-11-30|9|33|1|11.99|
147|100565|1998-11-30|9|33|1|7.99|
46|100565|1998-11-30|9|33|1|22.99|
30|100565|1998-11-30|9|33|1|9.99|
21|100567|1998-11-30|9|33|1|899.99|
48|100567|1998-11-30|9|33|1|11.99|
26|100567|1998-11-30|9|33|1|149.99|
35|100568|1998-11-30|9|33|1|49.99|
21|100568|1998-11-30|9|33|1|899.99|
30|100568|1998-11-30|9|33|1|9.99|
128|100569|1998-11-30|9|33|1|27.99|
128|100570|1998-11-30|9|33|1|27.99|
48|100570|1998-11-30|9|33|1|11.99|
40|100571|1998-11-30|9|33|1|44.99|
116|100572|1998-11-30|9|33|1|11.99|
147|100572|1998-11-30|9|33|1|7.99|
21|100572|1998-11-30|9|33|1|899.99|
147|100573|1998-11-30|9|33|1|7.99|
46|100573|1998-11-30|9|33|1|22.99|
30|100573|1998-11-30|9|33|1|9.99|
27|100574|1998-11-30|9|33|1|44.99|
46|100574|1998-11-30|9|33|1|22.99|
40|100574|1998-11-30|9|33|1|44.99|
27|100575|1998-11-30|9|33|1|44.99|
40|100575|1998-11-30|9|33|1|44.99|
26|100575|1998-11-30|9|33|1|149.99|
116|100576|1998-11-30|9|33|1|11.99|
128|100576|1998-11-30|9|33|1|27.99|
26|100576|1998-11-30|9|33|1|149.99|
30|100576|1998-11-30|9|33|1|9.99|
21|100577|1998-11-30|9|33|1|899.99|
48|100577|1998-11-30|9|33|1|11.99|
26|100577|1998-11-30|9|33|1|149.99|
128|100577|1998-11-30|9|33|1|27.99|
27|100578|1998-11-30|9|33|1|44.99|
40|100578|1998-11-30|9|33|1|44.99|
40|100579|1998-11-30|9|33|1|44.99|
21|100582|1998-11-30|9|33|1|899.99|
46|100582|1998-11-30|9|33|1|22.99|
46|100583|1998-11-30|9|33|1|22.99|
26|100583|1998-11-30|9|33|1|149.99|
116|100584|1998-11-30|9|33|1|11.99|
27|100584|1998-11-30|9|33|1|44.99|
35|100584|1998-11-30|9|33|1|49.99|
48|100584|1998-11-30|9|33|1|11.99|
35|100585|1998-11-30|9|33|1|49.99|
116|100586|1998-11-30|9|33|1|11.99|
35|100586|1998-11-30|9|33|1|49.99|
147|100586|1998-11-30|9|33|1|7.99|
21|100586|1998-11-30|9|33|1|899.99|
48|100586|1998-11-30|9|33|1|11.99|
116|100587|1998-11-30|9|33|1|11.99|
147|100587|1998-11-30|9|33|1|7.99|
46|100587|1998-11-30|9|33|1|22.99|
21|100587|1998-11-30|9|33|1|899.99|
30|100587|1998-11-30|9|33|1|9.99|
128|100588|1998-11-30|9|33|1|27.99|
21|100588|1998-11-30|9|33|1|899.99|
116|100589|1998-11-30|9|33|1|11.99|
35|100589|1998-11-30|9|33|1|49.99|
48|100589|1998-11-30|9|33|1|11.99|
116|100590|1998-11-30|9|33|1|11.99|
35|100590|1998-11-30|9|33|1|49.99|
147|100590|1998-11-30|9|33|1|7.99|
128|100590|1998-11-30|9|33|1|27.99|
21|100590|1998-11-30|9|33|1|899.99|
26|100590|1998-11-30|9|33|1|149.99|
46|100591|1998-11-30|9|33|1|22.99|
40|100591|1998-11-30|9|33|1|44.99|
48|100591|1998-11-30|9|33|1|11.99|
48|100592|1998-11-30|9|33|1|11.99|
147|100593|1998-11-30|9|33|1|7.99|
46|100593|1998-11-30|9|33|1|22.99|
30|100593|1998-11-30|9|33|1|9.99|
128|100593|1998-11-30|9|33|1|27.99|
27|100594|1998-11-30|9|33|1|44.99|
46|100594|1998-11-30|9|33|1|22.99|
30|100595|1998-11-30|9|33|1|9.99|
35|100596|1998-11-30|9|33|1|49.99|
30|100596|1998-11-30|9|33|1|9.99|
40|100597|1998-11-30|9|33|1|44.99|
21|100598|1998-11-30|9|33|1|899.99|
46|100598|1998-11-30|9|33|1|22.99|
48|100599|1998-11-30|9|33|1|11.99|
147|100600|1998-11-30|9|33|1|7.99|
46|100600|1998-11-30|9|33|1|22.99|
30|100600|1998-11-30|9|33|1|9.99|
35|100601|1998-11-30|9|33|1|49.99|
147|100601|1998-11-30|9|33|1|7.99|
147|100602|1998-11-30|9|33|1|7.99|
116|100603|1998-11-30|9|33|1|11.99|
27|100603|1998-11-30|9|33|1|44.99|
46|100603|1998-11-30|9|33|1|22.99|
147|100604|1998-11-30|9|33|1|7.99|
26|100604|1998-11-30|9|33|1|149.99|
21|100604|1998-11-30|9|33|1|899.99|
46|100605|1998-11-30|9|33|1|22.99|
40|100605|1998-11-30|9|33|1|44.99|
21|100605|1998-11-30|9|33|1|899.99|
30|100605|1998-11-30|9|33|1|9.99|
128|100605|1998-11-30|9|33|1|27.99|
26|100606|1998-11-30|9|33|1|149.99|
116|100607|1998-11-30|9|33|1|11.99|
147|100607|1998-11-30|9|33|1|7.99|
46|100607|1998-11-30|9|33|1|22.99|
26|100607|1998-11-30|9|33|1|149.99|
30|100607|1998-11-30|9|33|1|9.99|
27|100608|1998-11-30|9|33|1|44.99|
26|100609|1998-11-30|9|33|1|149.99|
21|100610|1998-11-30|9|33|1|899.99|
26|100610|1998-11-30|9|33|1|149.99|
48|100611|1998-11-30|9|33|1|11.99|
128|100612|1998-11-30|9|33|1|27.99|
26|100612|1998-11-30|9|33|1|149.99|
48|100612|1998-11-30|9|33|1|11.99|
116|100613|1998-11-30|9|33|1|11.99|
27|100613|1998-11-30|9|33|1|44.99|
35|100613|1998-11-30|9|33|1|49.99|
21|100613|1998-11-30|9|33|1|899.99|
147|100614|1998-11-30|9|33|1|7.99|
21|100614|1998-11-30|9|33|1|899.99|
46|100614|1998-11-30|9|33|1|22.99|
48|100614|1998-11-30|9|33|1|11.99|
26|100614|1998-11-30|9|33|1|149.99|
147|100616|1998-11-30|9|33|1|7.99|
26|100616|1998-11-30|9|33|1|149.99|
40|100616|1998-11-30|9|33|1|44.99|
116|100617|1998-11-30|9|33|1|11.99|
27|100617|1998-11-30|9|33|1|44.99|
147|100617|1998-11-30|9|33|1|7.99|
46|100617|1998-11-30|9|33|1|22.99|
40|100617|1998-11-30|9|33|1|44.99|
21|100617|1998-11-30|9|33|1|899.99|
30|100617|1998-11-30|9|33|1|9.99|
30|100618|1998-11-30|9|33|1|9.99|
147|100619|1998-11-30|9|33|1|7.99|
26|100619|1998-11-30|9|33|1|149.99|
35|100620|1998-11-30|9|33|1|49.99|
147|100620|1998-11-30|9|33|1|7.99|
26|100620|1998-11-30|9|33|1|149.99|
21|100620|1998-11-30|9|33|1|899.99|
46|100620|1998-11-30|9|33|1|22.99|
48|100620|1998-11-30|9|33|1|11.99|
30|100620|1998-11-30|9|33|1|9.99|
147|100621|1998-11-30|9|33|1|7.99|
26|100621|1998-11-30|9|33|1|149.99|
27|100622|1998-11-30|9|33|1|44.99|
147|100622|1998-11-30|9|33|1|7.99|
128|100622|1998-11-30|9|33|1|27.99|
128|100623|1998-11-30|9|33|1|27.99|
30|100623|1998-11-30|9|33|1|9.99|
116|100624|1998-11-30|9|33|1|11.99|
128|100624|1998-11-30|9|33|1|27.99|
26|100624|1998-11-30|9|33|1|149.99|
21|100624|1998-11-30|9|33|1|899.99|
40|100625|1998-11-30|9|33|1|44.99|
128|100625|1998-11-30|9|33|1|27.99|
116|100626|1998-11-30|9|33|1|11.99|
35|100626|1998-11-30|9|33|1|49.99|
21|100626|1998-11-30|9|33|1|899.99|
116|100627|1998-11-30|9|33|1|11.99|
35|100627|1998-11-30|9|33|1|49.99|
128|100627|1998-11-30|9|33|1|27.99|
30|100628|1998-11-30|9|33|1|9.99|
116|100629|1998-11-30|9|33|1|11.99|
21|100629|1998-11-30|9|33|1|899.99|
48|100629|1998-11-30|9|33|1|11.99|
30|100629|1998-11-30|9|33|1|9.99|
147|100630|1998-11-30|9|33|1|7.99|
30|100630|1998-11-30|9|33|1|9.99|
46|100630|1998-11-30|9|33|1|22.99|
26|100630|1998-11-30|9|33|1|149.99|
116|100631|1998-11-30|9|33|1|11.99|
35|100631|1998-11-30|9|33|1|49.99|
27|100632|1998-11-30|9|33|1|44.99|
35|100632|1998-11-30|9|33|1|49.99|
40|100632|1998-11-30|9|33|1|44.99|
30|100632|1998-11-30|9|33|1|9.99|
116|100633|1998-11-30|9|33|1|11.99|
26|100633|1998-11-30|9|33|1|149.99|
27|100634|1998-11-30|9|33|1|44.99|
128|100634|1998-11-30|9|33|1|27.99|
21|100634|1998-11-30|9|33|1|899.99|
35|100635|1998-11-30|9|33|1|49.99|
147|100636|1998-11-30|9|33|1|7.99|
21|100636|1998-11-30|9|33|1|899.99|
48|100636|1998-11-30|9|33|1|11.99|
116|100638|1998-11-30|9|33|1|11.99|
35|100638|1998-11-30|9|33|1|49.99|
147|100638|1998-11-30|9|33|1|7.99|
21|100638|1998-11-30|9|33|1|899.99|
26|100638|1998-11-30|9|33|1|149.99|
116|100639|1998-11-30|9|33|1|11.99|
27|100639|1998-11-30|9|33|1|44.99|
35|100639|1998-11-30|9|33|1|49.99|
48|100639|1998-11-30|9|33|1|11.99|
27|100640|1998-11-30|9|33|1|44.99|
128|100640|1998-11-30|9|33|1|27.99|
26|100640|1998-11-30|9|33|1|149.99|
40|100640|1998-11-30|9|33|1|44.99|
46|100641|1998-12-31|9|33|1|22.99|
40|100641|1998-12-31|9|33|1|44.99|
116|100642|1998-12-31|9|33|1|11.99|
35|100642|1998-12-31|9|33|1|49.99|
46|100642|1998-12-31|9|33|1|22.99|
48|100642|1998-12-31|9|33|1|11.99|
116|100643|1998-12-31|9|33|1|11.99|
35|100643|1998-12-31|9|33|1|49.99|
21|100643|1998-12-31|9|33|1|899.99|
26|100643|1998-12-31|9|33|1|149.99|
116|100644|1998-12-31|9|33|1|11.99|
35|100644|1998-12-31|9|33|1|49.99|
147|100645|1998-12-31|9|33|1|7.99|
46|100645|1998-12-31|9|33|1|22.99|
21|100645|1998-12-31|9|33|1|899.99|
26|100645|1998-12-31|9|33|1|149.99|
30|100645|1998-12-31|9|33|1|9.99|
147|100646|1998-12-31|9|33|1|7.99|
128|100646|1998-12-31|9|33|1|27.99|
30|100646|1998-12-31|9|33|1|9.99|
26|100648|1998-12-31|9|33|1|149.99|
21|100648|1998-12-31|9|33|1|899.99|
46|100649|1998-12-31|9|33|1|22.99|
21|100649|1998-12-31|9|33|1|899.99|
26|100649|1998-12-31|9|33|1|149.99|
30|100649|1998-12-31|9|33|1|9.99|
128|100650|1998-12-31|9|33|1|27.99|
40|100650|1998-12-31|9|33|1|44.99|
35|100651|1998-12-31|9|33|1|49.99|
40|100651|1998-12-31|9|33|1|44.99|
30|100651|1998-12-31|9|33|1|9.99|
35|100652|1998-12-31|9|33|1|49.99|
128|100654|1998-12-31|9|33|1|27.99|
46|100654|1998-12-31|9|33|1|22.99|
48|100654|1998-12-31|9|33|1|11.99|
21|100655|1998-12-31|9|33|1|899.99|
147|100656|1998-12-31|9|33|1|7.99|
26|100656|1998-12-31|9|33|1|149.99|
46|100656|1998-12-31|9|33|1|22.99|
30|100656|1998-12-31|9|33|1|9.99|
21|100657|1998-12-31|9|33|1|899.99|
26|100657|1998-12-31|9|33|1|149.99|
35|100658|1998-12-31|9|33|1|49.99|
40|100658|1998-12-31|9|33|1|44.99|
21|100659|1998-12-31|9|33|1|899.99|
35|100660|1998-12-31|9|33|1|49.99|
40|100660|1998-12-31|9|33|1|44.99|
48|100660|1998-12-31|9|33|1|11.99|
35|100661|1998-12-31|9|33|1|49.99|
116|100662|1998-12-31|9|33|1|11.99|
147|100662|1998-12-31|9|33|1|7.99|
128|100662|1998-12-31|9|33|1|27.99|
21|100662|1998-12-31|9|33|1|899.99|
40|100662|1998-12-31|9|33|1|44.99|
26|100662|1998-12-31|9|33|1|149.99|
35|100663|1998-12-31|9|33|1|49.99|
147|100663|1998-12-31|9|33|1|7.99|
46|100663|1998-12-31|9|33|1|22.99|
21|100663|1998-12-31|9|33|1|899.99|
26|100663|1998-12-31|9|33|1|149.99|
30|100663|1998-12-31|9|33|1|9.99|
147|100664|1998-12-31|9|33|1|7.99|
26|100664|1998-12-31|9|33|1|149.99|
21|100664|1998-12-31|9|33|1|899.99|
46|100664|1998-12-31|9|33|1|22.99|
40|100664|1998-12-31|9|33|1|44.99|
30|100664|1998-12-31|9|33|1|9.99|
116|100665|1998-12-31|9|33|1|11.99|
21|100665|1998-12-31|9|33|1|899.99|
48|100665|1998-12-31|9|33|1|11.99|
26|100665|1998-12-31|9|33|1|149.99|
21|100666|1998-12-31|9|33|1|899.99|
27|100667|1998-12-31|9|33|1|44.99|
40|100667|1998-12-31|9|33|1|44.99|
48|100667|1998-12-31|9|33|1|11.99|
128|100667|1998-12-31|9|33|1|27.99|
26|100667|1998-12-31|9|33|1|149.99|
35|100668|1998-12-31|9|33|1|49.99|
147|100668|1998-12-31|9|33|1|7.99|
46|100668|1998-12-31|9|33|1|22.99|
30|100668|1998-12-31|9|33|1|9.99|
116|100669|1998-12-31|9|33|1|11.99|
35|100669|1998-12-31|9|33|1|49.99|
40|100669|1998-12-31|9|33|1|44.99|
116|100670|1998-12-31|9|33|1|11.99|
27|100670|1998-12-31|9|33|1|44.99|
35|100670|1998-12-31|9|33|1|49.99|
30|100670|1998-12-31|9|33|1|9.99|
21|100670|1998-12-31|9|33|1|899.99|
48|100670|1998-12-31|9|33|1|11.99|
116|100671|1998-12-31|9|33|1|11.99|
21|100671|1998-12-31|9|33|1|899.99|
128|100671|1998-12-31|9|33|1|27.99|
26|100671|1998-12-31|9|33|1|149.99|
35|100672|1998-12-31|9|33|1|49.99|
128|100672|1998-12-31|9|33|1|27.99|
30|100672|1998-12-31|9|33|1|9.99|
26|100673|1998-12-31|9|33|1|149.99|
21|100674|1998-12-31|9|33|1|899.99|
116|100675|1998-12-31|9|33|1|11.99|
35|100675|1998-12-31|9|33|1|49.99|
147|100676|1998-12-31|9|33|1|7.99|
21|100676|1998-12-31|9|33|1|899.99|
40|100676|1998-12-31|9|33|1|44.99|
21|100677|1998-12-31|9|33|1|899.99|
48|100677|1998-12-31|9|33|1|11.99|
116|100678|1998-12-31|9|33|1|11.99|
35|100678|1998-12-31|9|33|1|49.99|
128|100679|1998-12-31|9|33|1|27.99|
26|100679|1998-12-31|9|33|1|149.99|
116|100680|1998-12-31|9|33|1|11.99|
35|100680|1998-12-31|9|33|1|49.99|
35|100681|1998-12-31|9|33|1|49.99|
21|100681|1998-12-31|9|33|1|899.99|
26|100681|1998-12-31|9|33|1|149.99|
128|100682|1998-12-31|9|33|1|27.99|
26|100683|1998-12-31|9|33|1|149.99|
116|100684|1998-12-31|9|33|1|11.99|
27|100684|1998-12-31|9|33|1|44.99|
26|100684|1998-12-31|9|33|1|149.99|
40|100684|1998-12-31|9|33|1|44.99|
26|100835|2000-02-29|4|350|1|149.99|
116|100836|2000-02-29|4|350|1|11.99|
35|100836|2000-02-29|4|350|1|49.99|
26|100836|2000-02-29|4|350|1|149.99|
48|100836|2000-02-29|4|350|1|11.99|
116|100837|2000-02-29|4|350|1|11.99|
27|100837|2000-02-29|4|350|1|44.99|
35|100837|2000-02-29|4|350|1|49.99|
40|100837|2000-02-29|4|350|1|44.99|
21|100837|2000-02-29|4|350|1|899.99|
26|100837|2000-02-29|4|350|1|149.99|
30|100837|2000-02-29|4|350|1|9.99|
40|100838|2000-02-29|4|350|1|44.99|
26|100839|2000-02-29|4|350|1|149.99|
30|100839|2000-02-29|4|350|1|9.99|
116|100840|2000-02-29|4|350|1|11.99|
147|100840|2000-02-29|4|350|1|7.99|
46|100840|2000-02-29|4|350|1|22.99|
48|100840|2000-02-29|4|350|1|11.99|
116|100841|2000-02-29|4|350|1|11.99|
35|100841|2000-02-29|4|350|1|49.99|
21|100841|2000-02-29|4|350|1|899.99|
128|100841|2000-02-29|4|350|1|27.99|
116|100842|2000-02-29|4|350|1|11.99|
128|100842|2000-02-29|4|350|1|27.99|
40|100842|2000-02-29|4|350|1|44.99|
48|100842|2000-02-29|4|350|1|11.99|
35|100843|2000-02-29|4|350|1|49.99|
116|100844|2000-02-29|4|350|1|11.99|
147|100844|2000-02-29|4|350|1|7.99|
26|100844|2000-02-29|4|350|1|149.99|
46|100844|2000-02-29|4|350|1|22.99|
30|100844|2000-02-29|4|350|1|9.99|
116|100845|2000-02-29|4|350|1|11.99|
147|100845|2000-02-29|4|350|1|7.99|
46|100845|2000-02-29|4|350|1|22.99|
21|100845|2000-02-29|4|350|1|899.99|
26|100845|2000-02-29|4|350|1|149.99|
30|100845|2000-02-29|4|350|1|9.99|
116|100846|2000-02-29|4|350|1|11.99|
48|100846|2000-02-29|4|350|1|11.99|
116|100847|2000-02-29|4|350|1|11.99|
35|100847|2000-02-29|4|350|1|49.99|
48|100847|2000-02-29|4|350|1|11.99|
26|100848|2000-02-29|4|350|1|149.99|
48|100848|2000-02-29|4|350|1|11.99|
30|100848|2000-02-29|4|350|1|9.99|
116|100849|2000-02-29|4|350|1|11.99|
46|100849|2000-02-29|4|350|1|22.99|
128|100849|2000-02-29|4|350|1|27.99|
35|100850|2000-02-29|4|350|1|49.99|
128|100850|2000-02-29|4|350|1|27.99|
35|100851|2000-03-31|4|350|1|49.99|
147|100851|2000-03-31|4|350|1|7.99|
46|100851|2000-03-31|4|350|1|22.99|
30|100851|2000-03-31|4|350|1|9.99|
147|100852|2000-03-31|4|350|1|7.99|
30|100852|2000-03-31|4|350|1|9.99|
27|100853|2000-03-31|4|350|1|44.99|
40|100853|2000-03-31|4|350|1|44.99|
21|100853|2000-03-31|4|350|1|899.99|
26|100853|2000-03-31|4|350|1|149.99|
21|100854|2000-03-31|4|350|1|899.99|
48|100854|2000-03-31|4|350|1|11.99|
26|100854|2000-03-31|4|350|1|149.99|
128|100855|2000-03-31|4|350|1|27.99|
147|100856|2000-03-31|4|350|1|7.99|
46|100856|2000-03-31|4|350|1|22.99|
40|100856|2000-03-31|4|350|1|44.99|
48|100856|2000-03-31|4|350|1|11.99|
30|100856|2000-03-31|4|350|1|9.99|
27|100857|2000-03-31|4|350|1|44.99|
40|100857|2000-03-31|4|350|1|44.99|
21|100857|2000-03-31|4|350|1|899.99|
48|100857|2000-03-31|4|350|1|11.99|
26|100857|2000-03-31|4|350|1|149.99|
147|100858|2000-03-31|4|350|1|7.99|
128|100858|2000-03-31|4|350|1|27.99|
46|100858|2000-03-31|4|350|1|22.99|
46|100860|2000-03-31|4|350|1|22.99|
30|100860|2000-03-31|4|350|1|9.99|
27|100861|2000-03-31|4|350|1|44.99|
116|100862|2000-03-31|4|350|1|11.99|
26|100862|2000-03-31|4|350|1|149.99|
147|100863|2000-03-31|4|350|1|7.99|
46|100863|2000-03-31|4|350|1|22.99|
30|100863|2000-03-31|4|350|1|9.99|
27|100864|2000-03-31|4|350|1|44.99|
147|100864|2000-03-31|4|350|1|7.99|
128|100864|2000-03-31|4|350|1|27.99|
21|100864|2000-03-31|4|350|1|899.99|
46|100864|2000-03-31|4|350|1|22.99|
40|100864|2000-03-31|4|350|1|44.99|
30|100864|2000-03-31|4|350|1|9.99|
147|100865|2000-03-31|4|350|1|7.99|
128|100865|2000-03-31|4|350|1|27.99|
116|100866|2000-03-31|4|350|1|11.99|
35|100866|2000-03-31|4|350|1|49.99|
116|100867|2000-03-31|4|350|1|11.99|
27|100867|2000-03-31|4|350|1|44.99|
26|100867|2000-03-31|4|350|1|149.99|
27|100868|2000-03-31|4|350|1|44.99|
147|100868|2000-03-31|4|350|1|7.99|
116|100869|2000-03-31|4|350|1|11.99|
27|100869|2000-03-31|4|350|1|44.99|
27|100870|2000-03-31|4|350|1|44.99|
30|100870|2000-03-31|4|350|1|9.99|
40|100870|2000-03-31|4|350|1|44.99|
116|100871|2000-03-31|4|350|1|11.99|
35|100871|2000-03-31|4|350|1|49.99|
128|100871|2000-03-31|4|350|1|27.99|
147|100872|2000-03-31|4|350|1|7.99|
21|100872|2000-03-31|4|350|1|899.99|
147|100873|2000-03-31|4|350|1|7.99|
21|100873|2000-03-31|4|350|1|899.99|
128|100873|2000-03-31|4|350|1|27.99|
27|100874|2000-03-31|4|350|1|44.99|
147|100874|2000-03-31|4|350|1|7.99|
21|100874|2000-03-31|4|350|1|899.99|
26|100874|2000-03-31|4|350|1|149.99|
147|100876|2000-04-30|4|350|1|7.99|
27|100877|2000-04-30|4|350|1|44.99|
48|100877|2000-04-30|4|350|1|11.99|
27|100878|2000-04-30|4|350|1|44.99|
35|100878|2000-04-30|4|350|1|49.99|
147|100878|2000-04-30|4|350|1|7.99|
30|100878|2000-04-30|4|350|1|9.99|
48|100878|2000-04-30|4|350|1|11.99|
27|100879|2000-04-30|4|350|1|44.99|
40|100879|2000-04-30|4|350|1|44.99|
21|100879|2000-04-30|4|350|1|899.99|
26|100879|2000-04-30|4|350|1|149.99|
147|100880|2000-04-30|4|350|1|7.99|
128|100880|2000-04-30|4|350|1|27.99|
26|100880|2000-04-30|4|350|1|149.99|
21|100880|2000-04-30|4|350|1|899.99|
46|100880|2000-04-30|4|350|1|22.99|
40|100880|2000-04-30|4|350|1|44.99|
30|100880|2000-04-30|4|350|1|9.99|
26|100881|2000-04-30|4|350|1|149.99|
30|100882|2000-04-30|4|350|1|9.99|
48|100882|2000-04-30|4|350|1|11.99|
147|100883|2000-04-30|4|350|1|7.99|
46|100883|2000-04-30|4|350|1|22.99|
21|100883|2000-04-30|4|350|1|899.99|
48|100883|2000-04-30|4|350|1|11.99|
26|100883|2000-04-30|4|350|1|149.99|
30|100883|2000-04-30|4|350|1|9.99|
26|100884|2000-04-30|4|350|1|149.99|
21|100884|2000-04-30|4|350|1|899.99|
48|100884|2000-04-30|4|350|1|11.99|
116|100885|2000-04-30|4|350|1|11.99|
147|100885|2000-04-30|4|350|1|7.99|
46|100885|2000-04-30|4|350|1|22.99|
40|100885|2000-04-30|4|350|1|44.99|
21|100885|2000-04-30|4|350|1|899.99|
48|100885|2000-04-30|4|350|1|11.99|
30|100885|2000-04-30|4|350|1|9.99|
30|100887|2000-04-30|4|350|1|9.99|
35|100888|2000-04-30|4|350|1|49.99|
26|100888|2000-04-30|4|350|1|149.99|
48|100889|2000-04-30|4|350|1|11.99|
27|100890|2000-04-30|4|350|1|44.99|
46|100890|2000-04-30|4|350|1|22.99|
46|100891|2000-04-30|4|350|1|22.99|
128|100891|2000-04-30|4|350|1|27.99|
26|100891|2000-04-30|4|350|1|149.99|
147|100892|2000-04-30|4|350|1|7.99|
21|100892|2000-04-30|4|350|1|899.99|
46|100892|2000-04-30|4|350|1|22.99|
30|100892|2000-04-30|4|350|1|9.99|
116|100893|2000-04-30|4|350|1|11.99|
147|100893|2000-04-30|4|350|1|7.99|
27|100894|2000-04-30|4|350|1|44.99|
35|100894|2000-04-30|4|350|1|49.99|
147|100894|2000-04-30|4|350|1|7.99|
128|100894|2000-04-30|4|350|1|27.99|
30|100894|2000-04-30|4|350|1|9.99|
21|100894|2000-04-30|4|350|1|899.99|
46|100894|2000-04-30|4|350|1|22.99|
26|100894|2000-04-30|4|350|1|149.99|
147|100895|2000-04-30|4|350|1|7.99|
116|100896|2000-04-30|4|350|1|11.99|
35|100896|2000-04-30|4|350|1|49.99|
40|100896|2000-04-30|4|350|1|44.99|
30|100896|2000-04-30|4|350|1|9.99|
116|100897|2000-04-30|4|350|1|11.99|
35|100897|2000-04-30|4|350|1|49.99|
27|100898|2000-04-30|4|350|1|44.99|
40|100898|2000-04-30|4|350|1|44.99|
116|100899|2000-04-30|4|350|1|11.99|
46|100899|2000-04-30|4|350|1|22.99|
21|100899|2000-04-30|4|350|1|899.99|
48|100899|2000-04-30|4|350|1|11.99|
128|100899|2000-04-30|4|350|1|27.99|
116|100900|2000-04-30|4|350|1|11.99|
46|100900|2000-04-30|4|350|1|22.99|
40|100900|2000-04-30|4|350|1|44.99|
35|100901|2000-04-30|4|350|1|49.99|
128|100902|2000-04-30|4|350|1|27.99|
35|100904|2000-04-30|4|350|1|49.99|
147|100904|2000-04-30|4|350|1|7.99|
46|100904|2000-04-30|4|350|1|22.99|
30|100904|2000-04-30|4|350|1|9.99|
40|100905|2000-04-30|4|350|1|44.99|
21|100905|2000-04-30|4|350|1|899.99|
35|100906|2000-04-30|4|350|1|49.99|
147|100906|2000-04-30|4|350|1|7.99|
21|100906|2000-04-30|4|350|1|899.99|
26|100906|2000-04-30|4|350|1|149.99|
46|100907|2000-04-30|4|350|1|22.99|
26|100907|2000-04-30|4|350|1|149.99|
48|100908|2000-04-30|4|350|1|11.99|
116|100909|2000-04-30|4|350|1|11.99|
147|100909|2000-04-30|4|350|1|7.99|
46|100909|2000-04-30|4|350|1|22.99|
30|100909|2000-04-30|4|350|1|9.99|
30|100910|2000-04-30|4|350|1|9.99|
46|100910|2000-04-30|4|350|1|22.99|
26|100910|2000-04-30|4|350|1|149.99|
27|100911|2000-04-30|4|350|1|44.99|
40|100911|2000-04-30|4|350|1|44.99|
21|100911|2000-04-30|4|350|1|899.99|
128|100911|2000-04-30|4|350|1|27.99|
26|100911|2000-04-30|4|350|1|149.99|
147|100912|2000-04-30|4|350|1|7.99|
26|100912|2000-04-30|4|350|1|149.99|
46|100912|2000-04-30|4|350|1|22.99|
40|100912|2000-04-30|4|350|1|44.99|
30|100912|2000-04-30|4|350|1|9.99|
116|100913|2000-04-30|4|350|1|11.99|
21|100913|2000-04-30|4|350|1|899.99|
30|100913|2000-04-30|4|350|1|9.99|
147|100915|2000-04-30|4|350|1|7.99|
128|100915|2000-04-30|4|350|1|27.99|
30|100915|2000-04-30|4|350|1|9.99|
116|100916|2000-04-30|4|350|1|11.99|
27|100916|2000-04-30|4|350|1|44.99|
35|100916|2000-04-30|4|350|1|49.99|
128|100916|2000-04-30|4|350|1|27.99|
21|100916|2000-04-30|4|350|1|899.99|
30|100916|2000-04-30|4|350|1|9.99|
35|100917|2000-04-30|4|350|1|49.99|
40|100917|2000-04-30|4|350|1|44.99|
26|100917|2000-04-30|4|350|1|149.99|
147|100918|2000-04-30|4|350|1|7.99|
30|100918|2000-04-30|4|350|1|9.99|
46|100918|2000-04-30|4|350|1|22.99|
40|100918|2000-04-30|4|350|1|44.99|
26|100918|2000-04-30|4|350|1|149.99|
40|100919|2000-04-30|4|350|1|44.99|
21|100919|2000-04-30|4|350|1|899.99|
26|100920|2000-04-30|4|350|1|149.99|
21|100920|2000-04-30|4|350|1|899.99|
21|100921|2000-04-30|4|350|1|899.99|
48|100921|2000-04-30|4|350|1|11.99|
116|100922|2000-04-30|4|350|1|11.99|
35|100922|2000-04-30|4|350|1|49.99|
147|100922|2000-04-30|4|350|1|7.99|
116|100923|2000-04-30|4|350|1|11.99|
46|100923|2000-04-30|4|350|1|22.99|
26|100923|2000-04-30|4|350|1|149.99|
35|100924|2000-04-30|4|350|1|49.99|
46|100924|2000-04-30|4|350|1|22.99|
30|100924|2000-04-30|4|350|1|9.99|
40|100925|2000-04-30|4|350|1|44.99|
35|100926|2000-05-31|4|350|1|49.99|
48|100926|2000-05-31|4|350|1|11.99|
27|100927|2000-05-31|4|350|1|44.99|
116|100928|2000-05-31|4|350|1|11.99|
27|100928|2000-05-31|4|350|1|44.99|
35|100928|2000-05-31|4|350|1|49.99|
26|100928|2000-05-31|4|350|1|149.99|
21|100928|2000-05-31|4|350|1|899.99|
30|100928|2000-05-31|4|350|1|9.99|
21|100929|2000-05-31|4|350|1|899.99|
48|100929|2000-05-31|4|350|1|11.99|
26|100929|2000-05-31|4|350|1|149.99|
116|100930|2000-05-31|4|350|1|11.99|
35|100930|2000-05-31|4|350|1|49.99|
40|100930|2000-05-31|4|350|1|44.99|
26|100930|2000-05-31|4|350|1|149.99|
116|100931|2000-05-31|4|350|1|11.99|
27|100931|2000-05-31|4|350|1|44.99|
46|100931|2000-05-31|4|350|1|22.99|
21|100931|2000-05-31|4|350|1|899.99|
128|100931|2000-05-31|4|350|1|27.99|
26|100931|2000-05-31|4|350|1|149.99|
116|100932|2000-05-31|4|350|1|11.99|
147|100932|2000-05-31|4|350|1|7.99|
46|100932|2000-05-31|4|350|1|22.99|
116|100933|2000-05-31|4|350|1|11.99|
35|100933|2000-05-31|4|350|1|49.99|
147|100933|2000-05-31|4|350|1|7.99|
30|100933|2000-05-31|4|350|1|9.99|
128|100933|2000-05-31|4|350|1|27.99|
128|100934|2000-05-31|4|350|1|27.99|
46|100934|2000-05-31|4|350|1|22.99|
26|100934|2000-05-31|4|350|1|149.99|
147|100935|2000-05-31|4|350|1|7.99|
46|100935|2000-05-31|4|350|1|22.99|
128|100935|2000-05-31|4|350|1|27.99|
46|100936|2000-05-31|4|350|1|22.99|
30|100936|2000-05-31|4|350|1|9.99|
26|100937|2000-05-31|4|350|1|149.99|
30|100937|2000-05-31|4|350|1|9.99|
27|100938|2000-05-31|4|350|1|44.99|
21|100938|2000-05-31|4|350|1|899.99|
26|100938|2000-05-31|4|350|1|149.99|
116|100939|2000-05-31|4|350|1|11.99|
147|100939|2000-05-31|4|350|1|7.99|
46|100939|2000-05-31|4|350|1|22.99|
116|100940|2000-05-31|4|350|1|11.99|
27|100940|2000-05-31|4|350|1|44.99|
147|100940|2000-05-31|4|350|1|7.99|
26|100940|2000-05-31|4|350|1|149.99|
46|100940|2000-05-31|4|350|1|22.99|
30|100940|2000-05-31|4|350|1|9.99|
116|100941|2000-05-31|4|350|1|11.99|
27|100941|2000-05-31|4|350|1|44.99|
35|100941|2000-05-31|4|350|1|49.99|
21|100941|2000-05-31|4|350|1|899.99|
128|100941|2000-05-31|4|350|1|27.99|
116|100942|2000-05-31|4|350|1|11.99|
27|100942|2000-05-31|4|350|1|44.99|
116|100943|2000-05-31|4|350|1|11.99|
30|100943|2000-05-31|4|350|1|9.99|
116|100944|2000-05-31|4|350|1|11.99|
147|100944|2000-05-31|4|350|1|7.99|
46|100944|2000-05-31|4|350|1|22.99|
30|100944|2000-05-31|4|350|1|9.99|
116|100945|2000-05-31|4|350|1|11.99|
147|100945|2000-05-31|4|350|1|7.99|
46|100945|2000-05-31|4|350|1|22.99|
40|100945|2000-05-31|4|350|1|44.99|
48|100945|2000-05-31|4|350|1|11.99|
30|100945|2000-05-31|4|350|1|9.99|
147|100946|2000-05-31|4|350|1|7.99|
30|100946|2000-05-31|4|350|1|9.99|
21|100946|2000-05-31|4|350|1|899.99|
46|100946|2000-05-31|4|350|1|22.99|
35|100947|2000-05-31|4|350|1|49.99|
128|100947|2000-05-31|4|350|1|27.99|
35|100948|2000-05-31|4|350|1|49.99|
26|100948|2000-05-31|4|350|1|149.99|
46|100948|2000-05-31|4|350|1|22.99|
27|100949|2000-05-31|4|350|1|44.99|
128|100949|2000-05-31|4|350|1|27.99|
35|100950|2000-05-31|4|350|1|49.99|
147|100950|2000-05-31|4|350|1|7.99|
30|100950|2000-05-31|4|350|1|9.99|
46|100950|2000-05-31|4|350|1|22.99|
40|100950|2000-05-31|4|350|1|44.99|
116|100951|2000-05-31|4|350|1|11.99|
27|100951|2000-05-31|4|350|1|44.99|
147|100951|2000-05-31|4|350|1|7.99|
46|100951|2000-05-31|4|350|1|22.99|
40|100951|2000-05-31|4|350|1|44.99|
128|100951|2000-05-31|4|350|1|27.99|
30|100951|2000-05-31|4|350|1|9.99|
116|100953|2000-05-31|4|350|1|11.99|
40|100953|2000-05-31|4|350|1|44.99|
46|100954|2000-05-31|4|350|1|22.99|
40|100954|2000-05-31|4|350|1|44.99|
26|100954|2000-05-31|4|350|1|149.99|
48|100955|2000-05-31|4|350|1|11.99|
27|100956|2000-05-31|4|350|1|44.99|
147|100956|2000-05-31|4|350|1|7.99|
116|100957|2000-05-31|4|350|1|11.99|
27|100957|2000-05-31|4|350|1|44.99|
35|100957|2000-05-31|4|350|1|49.99|
46|100958|2000-05-31|4|350|1|22.99|
40|100958|2000-05-31|4|350|1|44.99|
35|100959|2000-05-31|4|350|1|49.99|
147|100959|2000-05-31|4|350|1|7.99|
40|100959|2000-05-31|4|350|1|44.99|
128|100959|2000-05-31|4|350|1|27.99|
116|100960|2000-05-31|4|350|1|11.99|
128|100960|2000-05-31|4|350|1|27.99|
46|100960|2000-05-31|4|350|1|22.99|
40|100960|2000-05-31|4|350|1|44.99|
30|100960|2000-05-31|4|350|1|9.99|
27|100961|2000-05-31|4|350|1|44.99|
35|100961|2000-05-31|4|350|1|49.99|
26|100961|2000-05-31|4|350|1|149.99|
30|100961|2000-05-31|4|350|1|9.99|
21|100962|2000-05-31|4|350|1|899.99|
46|100963|2000-05-31|4|350|1|22.99|
48|100963|2000-05-31|4|350|1|11.99|
128|100964|2000-05-31|4|350|1|27.99|
116|100965|2000-05-31|4|350|1|11.99|
35|100965|2000-05-31|4|350|1|49.99|
48|100965|2000-05-31|4|350|1|11.99|
147|100966|2000-05-31|4|350|1|7.99|
30|100966|2000-05-31|4|350|1|9.99|
46|100966|2000-05-31|4|350|1|22.99|
147|100967|2000-05-31|4|350|1|7.99|
21|100967|2000-05-31|4|350|1|899.99|
26|100967|2000-05-31|4|350|1|149.99|
147|100968|2000-05-31|4|350|1|7.99|
116|100969|2000-05-31|4|350|1|11.99|
21|100969|2000-05-31|4|350|1|899.99|
26|100969|2000-05-31|4|350|1|149.99|
30|100969|2000-05-31|4|350|1|9.99|
147|100970|2000-05-31|4|350|1|7.99|
128|100970|2000-05-31|4|350|1|27.99|
30|100970|2000-05-31|4|350|1|9.99|
21|100970|2000-05-31|4|350|1|899.99|
48|100684|1998-12-31|9|33|1|11.99|
30|100684|1998-12-31|9|33|1|9.99|
40|100685|1998-12-31|9|33|1|44.99|
128|100685|1998-12-31|9|33|1|27.99|
35|100686|1998-12-31|9|33|1|49.99|
30|100686|1998-12-31|9|33|1|9.99|
27|100687|1998-12-31|9|33|1|44.99|
46|100687|1998-12-31|9|33|1|22.99|
48|100688|1998-12-31|9|33|1|11.99|
27|100689|1998-12-31|9|33|1|44.99|
35|100689|1998-12-31|9|33|1|49.99|
40|100689|1998-12-31|9|33|1|44.99|
27|100690|1998-12-31|9|33|1|44.99|
21|100690|1998-12-31|9|33|1|899.99|
46|100690|1998-12-31|9|33|1|22.99|
26|100690|1998-12-31|9|33|1|149.99|
46|100691|1998-12-31|9|33|1|22.99|
40|100691|1998-12-31|9|33|1|44.99|
26|100691|1998-12-31|9|33|1|149.99|
116|100692|1998-12-31|9|33|1|11.99|
147|100692|1998-12-31|9|33|1|7.99|
21|100692|1998-12-31|9|33|1|899.99|
46|100692|1998-12-31|9|33|1|22.99|
46|100693|1998-12-31|9|33|1|22.99|
40|100693|1998-12-31|9|33|1|44.99|
128|100693|1998-12-31|9|33|1|27.99|
35|100694|1998-12-31|9|33|1|49.99|
147|100694|1998-12-31|9|33|1|7.99|
30|100694|1998-12-31|9|33|1|9.99|
46|100694|1998-12-31|9|33|1|22.99|
40|100694|1998-12-31|9|33|1|44.99|
35|100695|1998-12-31|9|33|1|49.99|
21|100695|1998-12-31|9|33|1|899.99|
30|100695|1998-12-31|9|33|1|9.99|
128|100696|1998-12-31|9|33|1|27.99|
21|100696|1998-12-31|9|33|1|899.99|
46|100696|1998-12-31|9|33|1|22.99|
116|100697|1998-12-31|9|33|1|11.99|
35|100697|1998-12-31|9|33|1|49.99|
48|100697|1998-12-31|9|33|1|11.99|
21|100698|1998-12-31|9|33|1|899.99|
147|100699|1998-12-31|9|33|1|7.99|
21|100699|1998-12-31|9|33|1|899.99|
48|100699|1998-12-31|9|33|1|11.99|
26|100699|1998-12-31|9|33|1|149.99|
26|100700|1998-12-31|9|33|1|149.99|
21|100700|1998-12-31|9|33|1|899.99|
30|100700|1998-12-31|9|33|1|9.99|
116|100701|1998-12-31|9|33|1|11.99|
35|100701|1998-12-31|9|33|1|49.99|
21|100701|1998-12-31|9|33|1|899.99|
21|100702|1998-12-31|9|33|1|899.99|
116|100703|1998-12-31|9|33|1|11.99|
30|100703|1998-12-31|9|33|1|9.99|
116|100704|1998-12-31|9|33|1|11.99|
27|100704|1998-12-31|9|33|1|44.99|
35|100704|1998-12-31|9|33|1|49.99|
147|100704|1998-12-31|9|33|1|7.99|
30|100704|1998-12-31|9|33|1|9.99|
27|100705|1998-12-31|9|33|1|44.99|
147|100705|1998-12-31|9|33|1|7.99|
46|100705|1998-12-31|9|33|1|22.99|
40|100705|1998-12-31|9|33|1|44.99|
30|100705|1998-12-31|9|33|1|9.99|
128|100705|1998-12-31|9|33|1|27.99|
128|100706|1998-12-31|9|33|1|27.99|
46|100707|1998-12-31|9|33|1|22.99|
128|100707|1998-12-31|9|33|1|27.99|
27|100708|1998-12-31|9|33|1|44.99|
147|100708|1998-12-31|9|33|1|7.99|
128|100708|1998-12-31|9|33|1|27.99|
48|100709|1998-12-31|9|33|1|11.99|
128|100710|1998-12-31|9|33|1|27.99|
30|100710|1998-12-31|9|33|1|9.99|
21|100710|1998-12-31|9|33|1|899.99|
40|100711|1998-12-31|9|33|1|44.99|
21|100711|1998-12-31|9|33|1|899.99|
26|100711|1998-12-31|9|33|1|149.99|
30|100711|1998-12-31|9|33|1|9.99|
27|100712|1998-12-31|9|33|1|44.99|
128|100712|1998-12-31|9|33|1|27.99|
46|100712|1998-12-31|9|33|1|22.99|
30|100712|1998-12-31|9|33|1|9.99|
21|100713|1998-12-31|9|33|1|899.99|
26|100713|1998-12-31|9|33|1|149.99|
21|100714|1998-12-31|9|33|1|899.99|
46|100714|1998-12-31|9|33|1|22.99|
35|100715|1998-12-31|9|33|1|49.99|
147|100715|1998-12-31|9|33|1|7.99|
46|100715|1998-12-31|9|33|1|22.99|
30|100715|1998-12-31|9|33|1|9.99|
21|100716|1998-12-31|9|33|1|899.99|
48|100716|1998-12-31|9|33|1|11.99|
147|100719|1998-12-31|9|33|1|7.99|
30|100719|1998-12-31|9|33|1|9.99|
116|100720|1998-12-31|9|33|1|11.99|
147|100720|1998-12-31|9|33|1|7.99|
46|100720|1998-12-31|9|33|1|22.99|
30|100720|1998-12-31|9|33|1|9.99|
27|100721|1998-12-31|9|33|1|44.99|
147|100721|1998-12-31|9|33|1|7.99|
46|100721|1998-12-31|9|33|1|22.99|
48|100721|1998-12-31|9|33|1|11.99|
30|100721|1998-12-31|9|33|1|9.99|
21|100722|1998-12-31|9|33|1|899.99|
116|100724|1998-12-31|9|33|1|11.99|
35|100724|1998-12-31|9|33|1|49.99|
21|100724|1998-12-31|9|33|1|899.99|
30|100725|1998-12-31|9|33|1|9.99|
30|100726|1998-12-31|9|33|1|9.99|
40|100726|1998-12-31|9|33|1|44.99|
27|100727|1998-12-31|9|33|1|44.99|
35|100727|1998-12-31|9|33|1|49.99|
46|100727|1998-12-31|9|33|1|22.99|
35|100728|1998-12-31|9|33|1|49.99|
147|100728|1998-12-31|9|33|1|7.99|
21|100728|1998-12-31|9|33|1|899.99|
21|100729|1998-12-31|9|33|1|899.99|
128|100729|1998-12-31|9|33|1|27.99|
128|100730|1998-12-31|9|33|1|27.99|
30|100730|1998-12-31|9|33|1|9.99|
40|100730|1998-12-31|9|33|1|44.99|
26|100730|1998-12-31|9|33|1|149.99|
46|100731|1998-12-31|9|33|1|22.99|
30|100731|1998-12-31|9|33|1|9.99|
35|100732|1998-12-31|9|33|1|49.99|
26|100732|1998-12-31|9|33|1|149.99|
21|100732|1998-12-31|9|33|1|899.99|
30|100732|1998-12-31|9|33|1|9.99|
116|100733|1998-12-31|9|33|1|11.99|
147|100733|1998-12-31|9|33|1|7.99|
46|100733|1998-12-31|9|33|1|22.99|
21|100733|1998-12-31|9|33|1|899.99|
26|100733|1998-12-31|9|33|1|149.99|
30|100733|1998-12-31|9|33|1|9.99|
46|100734|1998-12-31|9|33|1|22.99|
21|100735|1998-12-31|9|33|1|899.99|
147|100736|1998-12-31|9|33|1|7.99|
21|100736|1998-12-31|9|33|1|899.99|
30|100736|1998-12-31|9|33|1|9.99|
147|100737|1998-12-31|9|33|1|7.99|
46|100737|1998-12-31|9|33|1|22.99|
27|100738|1998-12-31|9|33|1|44.99|
35|100738|1998-12-31|9|33|1|49.99|
147|100738|1998-12-31|9|33|1|7.99|
128|100738|1998-12-31|9|33|1|27.99|
30|100738|1998-12-31|9|33|1|9.99|
46|100738|1998-12-31|9|33|1|22.99|
40|100738|1998-12-31|9|33|1|44.99|
48|100738|1998-12-31|9|33|1|11.99|
30|100739|1998-12-31|9|33|1|9.99|
116|100740|1998-12-31|9|33|1|11.99|
27|100740|1998-12-31|9|33|1|44.99|
35|100740|1998-12-31|9|33|1|49.99|
128|100740|1998-12-31|9|33|1|27.99|
26|100740|1998-12-31|9|33|1|149.99|
40|100740|1998-12-31|9|33|1|44.99|
147|100741|1998-12-31|9|33|1|7.99|
46|100741|1998-12-31|9|33|1|22.99|
30|100741|1998-12-31|9|33|1|9.99|
116|100742|1998-12-31|9|33|1|11.99|
35|100742|1998-12-31|9|33|1|49.99|
128|100742|1998-12-31|9|33|1|27.99|
40|100742|1998-12-31|9|33|1|44.99|
35|100743|1998-12-31|9|33|1|49.99|
46|100743|1998-12-31|9|33|1|22.99|
21|100743|1998-12-31|9|33|1|899.99|
26|100743|1998-12-31|9|33|1|149.99|
116|100744|1998-12-31|9|33|1|11.99|
21|100744|1998-12-31|9|33|1|899.99|
48|100744|1998-12-31|9|33|1|11.99|
116|100745|1998-12-31|9|33|1|11.99|
35|100745|1998-12-31|9|33|1|49.99|
128|100745|1998-12-31|9|33|1|27.99|
35|100746|1998-12-31|9|33|1|49.99|
26|100746|1998-12-31|9|33|1|149.99|
27|100747|1998-12-31|9|33|1|44.99|
26|100747|1998-12-31|9|33|1|149.99|
116|100748|1998-12-31|9|33|1|11.99|
35|100748|1998-12-31|9|33|1|49.99|
21|100748|1998-12-31|9|33|1|899.99|
27|100749|1998-12-31|9|33|1|44.99|
27|100750|1998-12-31|9|33|1|44.99|
40|100750|1998-12-31|9|33|1|44.99|
27|100751|2000-01-31|4|350|1|44.99|
46|100751|2000-01-31|4|350|1|22.99|
21|100751|2000-01-31|4|350|1|899.99|
30|100751|2000-01-31|4|350|1|9.99|
116|100752|2000-01-31|4|350|1|11.99|
147|100752|2000-01-31|4|350|1|7.99|
46|100752|2000-01-31|4|350|1|22.99|
30|100752|2000-01-31|4|350|1|9.99|
147|100753|2000-01-31|4|350|1|7.99|
46|100753|2000-01-31|4|350|1|22.99|
30|100753|2000-01-31|4|350|1|9.99|
128|100753|2000-01-31|4|350|1|27.99|
27|100754|2000-01-31|4|350|1|44.99|
128|100754|2000-01-31|4|350|1|27.99|
30|100754|2000-01-31|4|350|1|9.99|
40|100754|2000-01-31|4|350|1|44.99|
48|100754|2000-01-31|4|350|1|11.99|
26|100754|2000-01-31|4|350|1|149.99|
27|100755|2000-01-31|4|350|1|44.99|
35|100755|2000-01-31|4|350|1|49.99|
147|100755|2000-01-31|4|350|1|7.99|
46|100755|2000-01-31|4|350|1|22.99|
30|100755|2000-01-31|4|350|1|9.99|
116|100756|2000-01-31|4|350|1|11.99|
35|100756|2000-01-31|4|350|1|49.99|
128|100756|2000-01-31|4|350|1|27.99|
30|100757|2000-01-31|4|350|1|9.99|
128|100757|2000-01-31|4|350|1|27.99|
35|100758|2000-01-31|4|350|1|49.99|
21|100758|2000-01-31|4|350|1|899.99|
21|100759|2000-01-31|4|350|1|899.99|
27|100760|2000-01-31|4|350|1|44.99|
147|100760|2000-01-31|4|350|1|7.99|
116|100761|2000-01-31|4|350|1|11.99|
35|100761|2000-01-31|4|350|1|49.99|
116|100762|2000-01-31|4|350|1|11.99|
35|100763|2000-01-31|4|350|1|49.99|
147|100763|2000-01-31|4|350|1|7.99|
21|100763|2000-01-31|4|350|1|899.99|
26|100763|2000-01-31|4|350|1|149.99|
30|100763|2000-01-31|4|350|1|9.99|
116|100764|2000-01-31|4|350|1|11.99|
46|100764|2000-01-31|4|350|1|22.99|
40|100764|2000-01-31|4|350|1|44.99|
48|100764|2000-01-31|4|350|1|11.99|
40|100765|2000-01-31|4|350|1|44.99|
21|100765|2000-01-31|4|350|1|899.99|
147|100766|2000-01-31|4|350|1|7.99|
46|100766|2000-01-31|4|350|1|22.99|
26|100767|2000-01-31|4|350|1|149.99|
27|100768|2000-01-31|4|350|1|44.99|
35|100768|2000-01-31|4|350|1|49.99|
35|100769|2000-01-31|4|350|1|49.99|
40|100769|2000-01-31|4|350|1|44.99|
48|100769|2000-01-31|4|350|1|11.99|
27|100770|2000-01-31|4|350|1|44.99|
30|100770|2000-01-31|4|350|1|9.99|
21|100770|2000-01-31|4|350|1|899.99|
26|100770|2000-01-31|4|350|1|149.99|
116|100771|2000-01-31|4|350|1|11.99|
27|100771|2000-01-31|4|350|1|44.99|
35|100771|2000-01-31|4|350|1|49.99|
147|100772|2000-01-31|4|350|1|7.99|
30|100773|2000-01-31|4|350|1|9.99|
48|100774|2000-01-31|4|350|1|11.99|
116|100775|2000-01-31|4|350|1|11.99|
48|100775|2000-01-31|4|350|1|11.99|
27|100776|2000-01-31|4|350|1|44.99|
46|100776|2000-01-31|4|350|1|22.99|
30|100776|2000-01-31|4|350|1|9.99|
128|100778|2000-01-31|4|350|1|27.99|
26|100779|2000-01-31|4|350|1|149.99|
27|100780|2000-01-31|4|350|1|44.99|
35|100780|2000-01-31|4|350|1|49.99|
147|100780|2000-01-31|4|350|1|7.99|
116|100781|2000-01-31|4|350|1|11.99|
27|100781|2000-01-31|4|350|1|44.99|
35|100781|2000-01-31|4|350|1|49.99|
30|100781|2000-01-31|4|350|1|9.99|
128|100781|2000-01-31|4|350|1|27.99|
35|100782|2000-01-31|4|350|1|49.99|
147|100782|2000-01-31|4|350|1|7.99|
26|100782|2000-01-31|4|350|1|149.99|
27|100783|2000-01-31|4|350|1|44.99|
35|100783|2000-01-31|4|350|1|49.99|
26|100783|2000-01-31|4|350|1|149.99|
27|100784|2000-01-31|4|350|1|44.99|
147|100784|2000-01-31|4|350|1|7.99|
48|100784|2000-01-31|4|350|1|11.99|
30|100784|2000-01-31|4|350|1|9.99|
116|100785|2000-01-31|4|350|1|11.99|
21|100785|2000-01-31|4|350|1|899.99|
48|100785|2000-01-31|4|350|1|11.99|
26|100785|2000-01-31|4|350|1|149.99|
147|100786|2000-01-31|4|350|1|7.99|
46|100787|2000-01-31|4|350|1|22.99|
40|100787|2000-01-31|4|350|1|44.99|
116|100788|2000-01-31|4|350|1|11.99|
26|100788|2000-01-31|4|350|1|149.99|
21|100788|2000-01-31|4|350|1|899.99|
48|100788|2000-01-31|4|350|1|11.99|
21|100789|2000-01-31|4|350|1|899.99|
128|100789|2000-01-31|4|350|1|27.99|
116|100790|2000-01-31|4|350|1|11.99|
147|100790|2000-01-31|4|350|1|7.99|
27|100791|2000-01-31|4|350|1|44.99|
35|100791|2000-01-31|4|350|1|49.99|
147|100792|2000-01-31|4|350|1|7.99|
128|100792|2000-01-31|4|350|1|27.99|
26|100792|2000-01-31|4|350|1|149.99|
46|100792|2000-01-31|4|350|1|22.99|
48|100792|2000-01-31|4|350|1|11.99|
30|100792|2000-01-31|4|350|1|9.99|
116|100793|2000-01-31|4|350|1|11.99|
27|100793|2000-01-31|4|350|1|44.99|
35|100793|2000-01-31|4|350|1|49.99|
21|100793|2000-01-31|4|350|1|899.99|
48|100793|2000-01-31|4|350|1|11.99|
26|100793|2000-01-31|4|350|1|149.99|
30|100793|2000-01-31|4|350|1|9.99|
116|100795|2000-01-31|4|350|1|11.99|
147|100795|2000-01-31|4|350|1|7.99|
116|100796|2000-01-31|4|350|1|11.99|
40|100796|2000-01-31|4|350|1|44.99|
48|100796|2000-01-31|4|350|1|11.99|
116|100797|2000-01-31|4|350|1|11.99|
35|100797|2000-01-31|4|350|1|49.99|
128|100797|2000-01-31|4|350|1|27.99|
116|100799|2000-01-31|4|350|1|11.99|
40|100799|2000-01-31|4|350|1|44.99|
21|100799|2000-01-31|4|350|1|899.99|
26|100799|2000-01-31|4|350|1|149.99|
48|100800|2000-01-31|4|350|1|11.99|
35|100801|2000-02-29|4|350|1|49.99|
21|100802|2000-02-29|4|350|1|899.99|
48|100802|2000-02-29|4|350|1|11.99|
27|100804|2000-02-29|4|350|1|44.99|
147|100804|2000-02-29|4|350|1|7.99|
40|100805|2000-02-29|4|350|1|44.99|
48|100805|2000-02-29|4|350|1|11.99|
128|100805|2000-02-29|4|350|1|27.99|
147|100806|2000-02-29|4|350|1|7.99|
128|100806|2000-02-29|4|350|1|27.99|
30|100806|2000-02-29|4|350|1|9.99|
46|100806|2000-02-29|4|350|1|22.99|
147|100807|2000-02-29|4|350|1|7.99|
26|100807|2000-02-29|4|350|1|149.99|
27|100808|2000-02-29|4|350|1|44.99|
26|100808|2000-02-29|4|350|1|149.99|
30|100808|2000-02-29|4|350|1|9.99|
116|100809|2000-02-29|4|350|1|11.99|
35|100809|2000-02-29|4|350|1|49.99|
147|100809|2000-02-29|4|350|1|7.99|
26|100809|2000-02-29|4|350|1|149.99|
128|100810|2000-02-29|4|350|1|27.99|
21|100810|2000-02-29|4|350|1|899.99|
40|100810|2000-02-29|4|350|1|44.99|
26|100810|2000-02-29|4|350|1|149.99|
21|100811|2000-02-29|4|350|1|899.99|
147|100812|2000-02-29|4|350|1|7.99|
147|100813|2000-02-29|4|350|1|7.99|
46|100813|2000-02-29|4|350|1|22.99|
40|100813|2000-02-29|4|350|1|44.99|
26|100813|2000-02-29|4|350|1|149.99|
30|100813|2000-02-29|4|350|1|9.99|
147|100814|2000-02-29|4|350|1|7.99|
30|100814|2000-02-29|4|350|1|9.99|
48|100814|2000-02-29|4|350|1|11.99|
46|100815|2000-02-29|4|350|1|22.99|
116|100816|2000-02-29|4|350|1|11.99|
27|100816|2000-02-29|4|350|1|44.99|
35|100816|2000-02-29|4|350|1|49.99|
147|100816|2000-02-29|4|350|1|7.99|
26|100816|2000-02-29|4|350|1|149.99|
30|100816|2000-02-29|4|350|1|9.99|
27|100817|2000-02-29|4|350|1|44.99|
21|100817|2000-02-29|4|350|1|899.99|
26|100817|2000-02-29|4|350|1|149.99|
27|100818|2000-02-29|4|350|1|44.99|
40|100818|2000-02-29|4|350|1|44.99|
116|100819|2000-02-29|4|350|1|11.99|
35|100819|2000-02-29|4|350|1|49.99|
46|100819|2000-02-29|4|350|1|22.99|
40|100819|2000-02-29|4|350|1|44.99|
116|100820|2000-02-29|4|350|1|11.99|
46|100820|2000-02-29|4|350|1|22.99|
40|100820|2000-02-29|4|350|1|44.99|
21|100821|2000-02-29|4|350|1|899.99|
26|100821|2000-02-29|4|350|1|149.99|
147|100822|2000-02-29|4|350|1|7.99|
147|100823|2000-02-29|4|350|1|7.99|
46|100823|2000-02-29|4|350|1|22.99|
30|100823|2000-02-29|4|350|1|9.99|
128|100824|2000-02-29|4|350|1|27.99|
26|100824|2000-02-29|4|350|1|149.99|
46|100824|2000-02-29|4|350|1|22.99|
48|100824|2000-02-29|4|350|1|11.99|
116|100825|2000-02-29|4|350|1|11.99|
35|100825|2000-02-29|4|350|1|49.99|
147|100826|2000-02-29|4|350|1|7.99|
30|100826|2000-02-29|4|350|1|9.99|
46|100826|2000-02-29|4|350|1|22.99|
48|100826|2000-02-29|4|350|1|11.99|
26|100826|2000-02-29|4|350|1|149.99|
116|100827|2000-02-29|4|350|1|11.99|
35|100827|2000-02-29|4|350|1|49.99|
21|100827|2000-02-29|4|350|1|899.99|
30|100827|2000-02-29|4|350|1|9.99|
116|100828|2000-02-29|4|350|1|11.99|
35|100828|2000-02-29|4|350|1|49.99|
26|100828|2000-02-29|4|350|1|149.99|
30|100828|2000-02-29|4|350|1|9.99|
116|100830|2000-02-29|4|350|1|11.99|
27|100830|2000-02-29|4|350|1|44.99|
35|100830|2000-02-29|4|350|1|49.99|
128|100830|2000-02-29|4|350|1|27.99|
30|100830|2000-02-29|4|350|1|9.99|
21|100830|2000-02-29|4|350|1|899.99|
40|100830|2000-02-29|4|350|1|44.99|
147|100831|2000-02-29|4|350|1|7.99|
46|100831|2000-02-29|4|350|1|22.99|
30|100831|2000-02-29|4|350|1|9.99|
40|100832|2000-02-29|4|350|1|44.99|
46|100833|2000-02-29|4|350|1|22.99|
21|100833|2000-02-29|4|350|1|899.99|
48|100833|2000-02-29|4|350|1|11.99|
26|100833|2000-02-29|4|350|1|149.99|
46|100834|2000-02-29|4|350|1|22.99|
147|100835|2000-02-29|4|350|1|7.99|
128|100835|2000-02-29|4|350|1|27.99|
48|100385|1998-10-31|9|33|1|11.99|
35|100386|1998-10-31|9|33|1|49.99|
128|100386|1998-10-31|9|33|1|27.99|
46|100386|1998-10-31|9|33|1|22.99|
26|100386|1998-10-31|9|33|1|149.99|
147|100387|1998-10-31|9|33|1|7.99|
21|100387|1998-10-31|9|33|1|899.99|
26|100387|1998-10-31|9|33|1|149.99|
116|100388|1998-10-31|9|33|1|11.99|
35|100388|1998-10-31|9|33|1|49.99|
26|100388|1998-10-31|9|33|1|149.99|
21|100388|1998-10-31|9|33|1|899.99|
48|100388|1998-10-31|9|33|1|11.99|
147|100389|1998-10-31|9|33|1|7.99|
48|100389|1998-10-31|9|33|1|11.99|
27|100390|1998-10-31|9|33|1|44.99|
147|100390|1998-10-31|9|33|1|7.99|
30|100390|1998-10-31|9|33|1|9.99|
46|100390|1998-10-31|9|33|1|22.99|
116|100391|1998-10-31|9|33|1|11.99|
40|100391|1998-10-31|9|33|1|44.99|
46|100392|1998-10-31|9|33|1|22.99|
40|100392|1998-10-31|9|33|1|44.99|
27|100393|1998-10-31|9|33|1|44.99|
147|100393|1998-10-31|9|33|1|7.99|
46|100393|1998-10-31|9|33|1|22.99|
30|100393|1998-10-31|9|33|1|9.99|
147|100394|1998-10-31|9|33|1|7.99|
30|100394|1998-10-31|9|33|1|9.99|
21|100394|1998-10-31|9|33|1|899.99|
46|100394|1998-10-31|9|33|1|22.99|
26|100394|1998-10-31|9|33|1|149.99|
35|100395|1998-10-31|9|33|1|49.99|
147|100395|1998-10-31|9|33|1|7.99|
46|100395|1998-10-31|9|33|1|22.99|
30|100395|1998-10-31|9|33|1|9.99|
21|100396|1998-10-31|9|33|1|899.99|
116|100398|1998-10-31|9|33|1|11.99|
21|100398|1998-10-31|9|33|1|899.99|
116|100399|1998-10-31|9|33|1|11.99|
21|100399|1998-10-31|9|33|1|899.99|
116|100400|1998-10-31|9|33|1|11.99|
147|100400|1998-10-31|9|33|1|7.99|
46|100400|1998-10-31|9|33|1|22.99|
30|100400|1998-10-31|9|33|1|9.99|
147|100401|1998-10-31|9|33|1|7.99|
46|100401|1998-10-31|9|33|1|22.99|
30|100401|1998-10-31|9|33|1|9.99|
27|100402|1998-10-31|9|33|1|44.99|
48|100402|1998-10-31|9|33|1|11.99|
21|100403|1998-10-31|9|33|1|899.99|
26|100403|1998-10-31|9|33|1|149.99|
35|100404|1998-10-31|9|33|1|49.99|
147|100404|1998-10-31|9|33|1|7.99|
128|100404|1998-10-31|9|33|1|27.99|
21|100404|1998-10-31|9|33|1|899.99|
46|100404|1998-10-31|9|33|1|22.99|
30|100404|1998-10-31|9|33|1|9.99|
147|100405|1998-10-31|9|33|1|7.99|
46|100405|1998-10-31|9|33|1|22.99|
48|100405|1998-10-31|9|33|1|11.99|
30|100405|1998-10-31|9|33|1|9.99|
21|100406|1998-10-31|9|33|1|899.99|
46|100406|1998-10-31|9|33|1|22.99|
26|100406|1998-10-31|9|33|1|149.99|
116|100407|1998-10-31|9|33|1|11.99|
35|100407|1998-10-31|9|33|1|49.99|
128|100407|1998-10-31|9|33|1|27.99|
35|100408|1998-10-31|9|33|1|49.99|
40|100408|1998-10-31|9|33|1|44.99|
30|100408|1998-10-31|9|33|1|9.99|
46|100409|1998-10-31|9|33|1|22.99|
35|100410|1998-10-31|9|33|1|49.99|
21|100410|1998-10-31|9|33|1|899.99|
27|100411|1998-10-31|9|33|1|44.99|
35|100411|1998-10-31|9|33|1|49.99|
128|100411|1998-10-31|9|33|1|27.99|
30|100411|1998-10-31|9|33|1|9.99|
147|100412|1998-10-31|9|33|1|7.99|
26|100412|1998-10-31|9|33|1|149.99|
46|100412|1998-10-31|9|33|1|22.99|
30|100412|1998-10-31|9|33|1|9.99|
147|100413|1998-10-31|9|33|1|7.99|
46|100413|1998-10-31|9|33|1|22.99|
48|100413|1998-10-31|9|33|1|11.99|
30|100413|1998-10-31|9|33|1|9.99|
116|100414|1998-10-31|9|33|1|11.99|
27|100414|1998-10-31|9|33|1|44.99|
35|100414|1998-10-31|9|33|1|49.99|
21|100414|1998-10-31|9|33|1|899.99|
40|100414|1998-10-31|9|33|1|44.99|
116|100415|1998-10-31|9|33|1|11.99|
27|100415|1998-10-31|9|33|1|44.99|
35|100415|1998-10-31|9|33|1|49.99|
40|100417|1998-10-31|9|33|1|44.99|
21|100417|1998-10-31|9|33|1|899.99|
26|100417|1998-10-31|9|33|1|149.99|
48|100419|1998-10-31|9|33|1|11.99|
116|100420|1998-10-31|9|33|1|11.99|
147|100420|1998-10-31|9|33|1|7.99|
46|100420|1998-10-31|9|33|1|22.99|
40|100420|1998-10-31|9|33|1|44.99|
30|100420|1998-10-31|9|33|1|9.99|
21|100421|1998-10-31|9|33|1|899.99|
48|100421|1998-10-31|9|33|1|11.99|
147|100422|1998-10-31|9|33|1|7.99|
30|100422|1998-10-31|9|33|1|9.99|
46|100422|1998-10-31|9|33|1|22.99|
46|100423|1998-10-31|9|33|1|22.99|
21|100423|1998-10-31|9|33|1|899.99|
147|100424|1998-10-31|9|33|1|7.99|
40|100424|1998-10-31|9|33|1|44.99|
46|100425|1998-10-31|9|33|1|22.99|
26|100425|1998-10-31|9|33|1|149.99|
128|100425|1998-10-31|9|33|1|27.99|
27|100426|1998-10-31|9|33|1|44.99|
35|100426|1998-10-31|9|33|1|49.99|
128|100426|1998-10-31|9|33|1|27.99|
30|100426|1998-10-31|9|33|1|9.99|
48|100427|1998-10-31|9|33|1|11.99|
35|100428|1998-10-31|9|33|1|49.99|
128|100428|1998-10-31|9|33|1|27.99|
116|100429|1998-10-31|9|33|1|11.99|
35|100429|1998-10-31|9|33|1|49.99|
21|100429|1998-10-31|9|33|1|899.99|
128|100429|1998-10-31|9|33|1|27.99|
48|100431|1998-10-31|9|33|1|11.99|
26|100431|1998-10-31|9|33|1|149.99|
147|100432|1998-10-31|9|33|1|7.99|
128|100432|1998-10-31|9|33|1|27.99|
26|100432|1998-10-31|9|33|1|149.99|
21|100432|1998-10-31|9|33|1|899.99|
46|100432|1998-10-31|9|33|1|22.99|
30|100432|1998-10-31|9|33|1|9.99|
147|100433|1998-10-31|9|33|1|7.99|
40|100433|1998-10-31|9|33|1|44.99|
21|100433|1998-10-31|9|33|1|899.99|
48|100433|1998-10-31|9|33|1|11.99|
26|100433|1998-10-31|9|33|1|149.99|
46|100435|1998-10-31|9|33|1|22.99|
40|100435|1998-10-31|9|33|1|44.99|
128|100435|1998-10-31|9|33|1|27.99|
26|100435|1998-10-31|9|33|1|149.99|
116|100436|1998-10-31|9|33|1|11.99|
30|100436|1998-10-31|9|33|1|9.99|
147|100437|1998-10-31|9|33|1|7.99|
40|100437|1998-10-31|9|33|1|44.99|
21|100437|1998-10-31|9|33|1|899.99|
48|100437|1998-10-31|9|33|1|11.99|
128|100438|1998-10-31|9|33|1|27.99|
21|100438|1998-10-31|9|33|1|899.99|
48|100438|1998-10-31|9|33|1|11.99|
26|100438|1998-10-31|9|33|1|149.99|
27|100439|1998-10-31|9|33|1|44.99|
46|100439|1998-10-31|9|33|1|22.99|
30|100439|1998-10-31|9|33|1|9.99|
27|100440|1998-10-31|9|33|1|44.99|
147|100440|1998-10-31|9|33|1|7.99|
128|100440|1998-10-31|9|33|1|27.99|
48|100440|1998-10-31|9|33|1|11.99|
147|100441|1998-10-31|9|33|1|7.99|
46|100441|1998-10-31|9|33|1|22.99|
30|100441|1998-10-31|9|33|1|9.99|
128|100441|1998-10-31|9|33|1|27.99|
35|100442|1998-10-31|9|33|1|49.99|
147|100442|1998-10-31|9|33|1|7.99|
30|100442|1998-10-31|9|33|1|9.99|
21|100442|1998-10-31|9|33|1|899.99|
46|100442|1998-10-31|9|33|1|22.99|
26|100442|1998-10-31|9|33|1|149.99|
46|100443|1998-10-31|9|33|1|22.99|
30|100443|1998-10-31|9|33|1|9.99|
35|100444|1998-10-31|9|33|1|49.99|
26|100444|1998-10-31|9|33|1|149.99|
147|100445|1998-10-31|9|33|1|7.99|
21|100445|1998-10-31|9|33|1|899.99|
26|100445|1998-10-31|9|33|1|149.99|
116|100446|1998-10-31|9|33|1|11.99|
35|100446|1998-10-31|9|33|1|49.99|
48|100446|1998-10-31|9|33|1|11.99|
40|100447|1998-10-31|9|33|1|44.99|
147|100448|1998-10-31|9|33|1|7.99|
46|100448|1998-10-31|9|33|1|22.99|
30|100448|1998-10-31|9|33|1|9.99|
116|100449|1998-10-31|9|33|1|11.99|
21|100449|1998-10-31|9|33|1|899.99|
26|100449|1998-10-31|9|33|1|149.99|
128|100449|1998-10-31|9|33|1|27.99|
116|100450|1998-10-31|9|33|1|11.99|
128|100450|1998-10-31|9|33|1|27.99|
46|100450|1998-10-31|9|33|1|22.99|
116|100451|1998-10-31|9|33|1|11.99|
35|100451|1998-10-31|9|33|1|49.99|
21|100452|1998-10-31|9|33|1|899.99|
40|100452|1998-10-31|9|33|1|44.99|
116|100453|1998-10-31|9|33|1|11.99|
40|100453|1998-10-31|9|33|1|44.99|
26|100453|1998-10-31|9|33|1|149.99|
128|100453|1998-10-31|9|33|1|27.99|
128|100454|1998-10-31|9|33|1|27.99|
26|100454|1998-10-31|9|33|1|149.99|
147|100455|1998-10-31|9|33|1|7.99|
147|100456|1998-10-31|9|33|1|7.99|
26|100456|1998-10-31|9|33|1|149.99|
21|100456|1998-10-31|9|33|1|899.99|
46|100456|1998-10-31|9|33|1|22.99|
30|100456|1998-10-31|9|33|1|9.99|
116|100457|1998-10-31|9|33|1|11.99|
27|100457|1998-10-31|9|33|1|44.99|
21|100457|1998-10-31|9|33|1|899.99|
116|100458|1998-10-31|9|33|1|11.99|
27|100458|1998-10-31|9|33|1|44.99|
21|100458|1998-10-31|9|33|1|899.99|
26|100458|1998-10-31|9|33|1|149.99|
46|100459|1998-10-31|9|33|1|22.99|
128|100459|1998-10-31|9|33|1|27.99|
35|100460|1998-10-31|9|33|1|49.99|
128|100460|1998-10-31|9|33|1|27.99|
21|100461|1998-10-31|9|33|1|899.99|
26|100461|1998-10-31|9|33|1|149.99|
128|100461|1998-10-31|9|33|1|27.99|
21|100462|1998-10-31|9|33|1|899.99|
40|100462|1998-10-31|9|33|1|44.99|
26|100462|1998-10-31|9|33|1|149.99|
27|100463|1998-10-31|9|33|1|44.99|
147|100463|1998-10-31|9|33|1|7.99|
46|100463|1998-10-31|9|33|1|22.99|
48|100463|1998-10-31|9|33|1|11.99|
128|100463|1998-10-31|9|33|1|27.99|
30|100463|1998-10-31|9|33|1|9.99|
116|100464|1998-10-31|9|33|1|11.99|
35|100464|1998-10-31|9|33|1|49.99|
147|100465|1998-10-31|9|33|1|7.99|
46|100465|1998-10-31|9|33|1|22.99|
48|100465|1998-10-31|9|33|1|11.99|
30|100465|1998-10-31|9|33|1|9.99|
27|100466|1998-10-31|9|33|1|44.99|
147|100466|1998-10-31|9|33|1|7.99|
30|100466|1998-10-31|9|33|1|9.99|
46|100466|1998-10-31|9|33|1|22.99|
116|100467|1998-10-31|9|33|1|11.99|
35|100467|1998-10-31|9|33|1|49.99|
147|100467|1998-10-31|9|33|1|7.99|
46|100467|1998-10-31|9|33|1|22.99|
21|100467|1998-10-31|9|33|1|899.99|
128|100467|1998-10-31|9|33|1|27.99|
26|100467|1998-10-31|9|33|1|149.99|
30|100467|1998-10-31|9|33|1|9.99|
40|100468|1998-10-31|9|33|1|44.99|
116|100469|1998-10-31|9|33|1|11.99|
35|100469|1998-10-31|9|33|1|49.99|
48|100469|1998-10-31|9|33|1|11.99|
30|100469|1998-10-31|9|33|1|9.99|
128|100469|1998-10-31|9|33|1|27.99|
35|100470|1998-10-31|9|33|1|49.99|
40|100470|1998-10-31|9|33|1|44.99|
26|100470|1998-10-31|9|33|1|149.99|
147|100471|1998-10-31|9|33|1|7.99|
46|100471|1998-10-31|9|33|1|22.99|
48|100471|1998-10-31|9|33|1|11.99|
116|100472|1998-10-31|9|33|1|11.99|
35|100472|1998-10-31|9|33|1|49.99|
26|100472|1998-10-31|9|33|1|149.99|
46|100472|1998-10-31|9|33|1|22.99|
116|100473|1998-10-31|9|33|1|11.99|
35|100473|1998-10-31|9|33|1|49.99|
147|100473|1998-10-31|9|33|1|7.99|
21|100473|1998-10-31|9|33|1|899.99|
26|100473|1998-10-31|9|33|1|149.99|
116|100474|1998-10-31|9|33|1|11.99|
128|100474|1998-10-31|9|33|1|27.99|
30|100474|1998-10-31|9|33|1|9.99|
21|100474|1998-10-31|9|33|1|899.99|
27|100475|1998-10-31|9|33|1|44.99|
147|100475|1998-10-31|9|33|1|7.99|
46|100475|1998-10-31|9|33|1|22.99|
30|100475|1998-10-31|9|33|1|9.99|
147|100476|1998-10-31|9|33|1|7.99|
128|100476|1998-10-31|9|33|1|27.99|
26|100476|1998-10-31|9|33|1|149.99|
21|100476|1998-10-31|9|33|1|899.99|
116|100477|1998-10-31|9|33|1|11.99|
35|100478|1998-10-31|9|33|1|49.99|
147|100478|1998-10-31|9|33|1|7.99|
40|100478|1998-10-31|9|33|1|44.99|
48|100479|1998-10-31|9|33|1|11.99|
21|100480|1998-10-31|9|33|1|899.99|
46|100481|1998-10-31|9|33|1|22.99|
21|100481|1998-10-31|9|33|1|899.99|
26|100481|1998-10-31|9|33|1|149.99|
128|100482|1998-10-31|9|33|1|27.99|
46|100482|1998-10-31|9|33|1|22.99|
48|100483|1998-10-31|9|33|1|11.99|
128|100483|1998-10-31|9|33|1|27.99|
128|100484|1998-10-31|9|33|1|27.99|
26|100484|1998-10-31|9|33|1|149.99|
21|100484|1998-10-31|9|33|1|899.99|
147|100485|1998-10-31|9|33|1|7.99|
116|100486|1998-10-31|9|33|1|11.99|
27|100486|1998-10-31|9|33|1|44.99|
116|100487|1998-10-31|9|33|1|11.99|
27|100487|1998-10-31|9|33|1|44.99|
128|100487|1998-10-31|9|33|1|27.99|
35|100488|1998-10-31|9|33|1|49.99|
30|100488|1998-10-31|9|33|1|9.99|
27|100489|1998-10-31|9|33|1|44.99|
147|100490|1998-10-31|9|33|1|7.99|
30|100490|1998-10-31|9|33|1|9.99|
21|100490|1998-10-31|9|33|1|899.99|
46|100490|1998-10-31|9|33|1|22.99|
116|100491|1998-11-30|9|33|1|11.99|
35|100491|1998-11-30|9|33|1|49.99|
40|100491|1998-11-30|9|33|1|44.99|
21|100491|1998-11-30|9|33|1|899.99|
128|100491|1998-11-30|9|33|1|27.99|
26|100491|1998-11-30|9|33|1|149.99|
116|100492|1998-11-30|9|33|1|11.99|
35|100492|1998-11-30|9|33|1|49.99|
147|100492|1998-11-30|9|33|1|7.99|
27|100493|1998-11-30|9|33|1|44.99|
46|100493|1998-11-30|9|33|1|22.99|
48|100493|1998-11-30|9|33|1|11.99|
26|100493|1998-11-30|9|33|1|149.99|
30|100493|1998-11-30|9|33|1|9.99|
35|100494|1998-11-30|9|33|1|49.99|
30|100494|1998-11-30|9|33|1|9.99|
46|100494|1998-11-30|9|33|1|22.99|
147|100495|1998-11-30|9|33|1|7.99|
46|100495|1998-11-30|9|33|1|22.99|
30|100495|1998-11-30|9|33|1|9.99|
128|100496|1998-11-30|9|33|1|27.99|
21|100496|1998-11-30|9|33|1|899.99|
46|100496|1998-11-30|9|33|1|22.99|
27|100497|1998-11-30|9|33|1|44.99|
48|100497|1998-11-30|9|33|1|11.99|
26|100497|1998-11-30|9|33|1|149.99|
147|100498|1998-11-30|9|33|1|7.99|
30|100498|1998-11-30|9|33|1|9.99|
46|100498|1998-11-30|9|33|1|22.99|
116|100499|1998-11-30|9|33|1|11.99|
27|100500|1998-11-30|9|33|1|44.99|
35|100500|1998-11-30|9|33|1|49.99|
48|100501|1998-11-30|9|33|1|11.99|
26|100501|1998-11-30|9|33|1|149.99|
116|100502|1998-11-30|9|33|1|11.99|
35|100502|1998-11-30|9|33|1|49.99|
147|100502|1998-11-30|9|33|1|7.99|
26|100502|1998-11-30|9|33|1|149.99|
116|100504|1998-11-30|9|33|1|11.99|
30|100504|1998-11-30|9|33|1|9.99|
40|100505|1998-11-30|9|33|1|44.99|
48|100505|1998-11-30|9|33|1|11.99|
26|100505|1998-11-30|9|33|1|149.99|
27|100506|1998-11-30|9|33|1|44.99|
40|100507|1998-11-30|9|33|1|44.99|
48|100507|1998-11-30|9|33|1|11.99|
40|100508|1998-11-30|9|33|1|44.99|
116|100509|1998-11-30|9|33|1|11.99|
35|100509|1998-11-30|9|33|1|49.99|
116|100510|1998-11-30|9|33|1|11.99|
27|100510|1998-11-30|9|33|1|44.99|
147|100510|1998-11-30|9|33|1|7.99|
40|100510|1998-11-30|9|33|1|44.99|
48|100510|1998-11-30|9|33|1|11.99|
27|100511|1998-11-30|9|33|1|44.99|
21|100511|1998-11-30|9|33|1|899.99|
128|100511|1998-11-30|9|33|1|27.99|
116|100512|1998-11-30|9|33|1|11.99|
35|100512|1998-11-30|9|33|1|49.99|
147|100512|1998-11-30|9|33|1|7.99|
26|100512|1998-11-30|9|33|1|149.99|
147|100513|1998-11-30|9|33|1|7.99|
30|100514|1998-11-30|9|33|1|9.99|
35|100515|1998-11-30|9|33|1|49.99|
147|100515|1998-11-30|9|33|1|7.99|
46|100515|1998-11-30|9|33|1|22.99|
30|100515|1998-11-30|9|33|1|9.99|
116|100516|1998-11-30|9|33|1|11.99|
40|100516|1998-11-30|9|33|1|44.99|
21|100518|1998-11-30|9|33|1|899.99|
116|100519|1998-11-30|9|33|1|11.99|
27|100519|1998-11-30|9|33|1|44.99|
40|100519|1998-11-30|9|33|1|44.99|
30|100519|1998-11-30|9|33|1|9.99|
35|100520|1998-11-30|9|33|1|49.99|
26|100520|1998-11-30|9|33|1|149.99|
30|100520|1998-11-30|9|33|1|9.99|
40|100521|1998-11-30|9|33|1|44.99|
128|100521|1998-11-30|9|33|1|27.99|
147|100522|1998-11-30|9|33|1|7.99|
48|100522|1998-11-30|9|33|1|11.99|
116|100523|1998-11-30|9|33|1|11.99|
35|100523|1998-11-30|9|33|1|49.99|
46|100523|1998-11-30|9|33|1|22.99|
30|100523|1998-11-30|9|33|1|9.99|
21|100524|1998-11-30|9|33|1|899.99|
35|100525|1998-11-30|9|33|1|49.99|
30|100526|1998-11-30|9|33|1|9.99|
21|100526|1998-11-30|9|33|1|899.99|
26|100526|1998-11-30|9|33|1|149.99|
147|100527|1998-11-30|9|33|1|7.99|
40|100527|1998-11-30|9|33|1|44.99|
26|100527|1998-11-30|9|33|1|149.99|
30|100527|1998-11-30|9|33|1|9.99|
35|100528|1998-11-30|9|33|1|49.99|
147|100528|1998-11-30|9|33|1|7.99|
26|100528|1998-11-30|9|33|1|149.99|
21|100528|1998-11-30|9|33|1|899.99|
40|100528|1998-11-30|9|33|1|44.99|
27|100529|1998-11-30|9|33|1|44.99|
147|100529|1998-11-30|9|33|1|7.99|
21|100529|1998-11-30|9|33|1|899.99|
26|100529|1998-11-30|9|33|1|149.99|
116|100530|1998-11-30|9|33|1|11.99|
27|100530|1998-11-30|9|33|1|44.99|
35|100530|1998-11-30|9|33|1|49.99|
30|100530|1998-11-30|9|33|1|9.99|
21|100530|1998-11-30|9|33|1|899.99|
40|100530|1998-11-30|9|33|1|44.99|
26|100530|1998-11-30|9|33|1|149.99|
46|100970|2000-05-31|4|350|1|22.99|
40|100970|2000-05-31|4|350|1|44.99|
26|100970|2000-05-31|4|350|1|149.99|
116|100971|2000-05-31|4|350|1|11.99|
35|100971|2000-05-31|4|350|1|49.99|
46|100971|2000-05-31|4|350|1|22.99|
26|100971|2000-05-31|4|350|1|149.99|
35|100972|2000-05-31|4|350|1|49.99|
46|100973|2000-05-31|4|350|1|22.99|
35|100974|2000-05-31|4|350|1|49.99|
147|100974|2000-05-31|4|350|1|7.99|
30|100974|2000-05-31|4|350|1|9.99|
46|100974|2000-05-31|4|350|1|22.99|
48|100974|2000-05-31|4|350|1|11.99|
21|100975|2000-05-31|4|350|1|899.99|
128|100975|2000-05-31|4|350|1|27.99|
26|100975|2000-05-31|4|350|1|149.99|
116|100976|2000-06-30|4|350|1|11.99|
35|100976|2000-06-30|4|350|1|49.99|
26|100976|2000-06-30|4|350|1|149.99|
35|100977|2000-06-30|4|350|1|49.99|
40|100977|2000-06-30|4|350|1|44.99|
21|100977|2000-06-30|4|350|1|899.99|
48|100977|2000-06-30|4|350|1|11.99|
30|100977|2000-06-30|4|350|1|9.99|
35|100978|2000-06-30|4|350|1|49.99|
147|100978|2000-06-30|4|350|1|7.99|
147|100979|2000-06-30|4|350|1|7.99|
26|100980|2000-06-30|4|350|1|149.99|
48|100980|2000-06-30|4|350|1|11.99|
147|100981|2000-06-30|4|350|1|7.99|
46|100981|2000-06-30|4|350|1|22.99|
30|100981|2000-06-30|4|350|1|9.99|
128|100982|2000-06-30|4|350|1|27.99|
21|100982|2000-06-30|4|350|1|899.99|
46|100982|2000-06-30|4|350|1|22.99|
48|100982|2000-06-30|4|350|1|11.99|
26|100982|2000-06-30|4|350|1|149.99|
147|100984|2000-06-30|4|350|1|7.99|
46|100984|2000-06-30|4|350|1|22.99|
30|100984|2000-06-30|4|350|1|9.99|
21|100985|2000-06-30|4|350|1|899.99|
48|100985|2000-06-30|4|350|1|11.99|
26|100985|2000-06-30|4|350|1|149.99|
21|100986|2000-06-30|4|350|1|899.99|
26|100986|2000-06-30|4|350|1|149.99|
116|100988|2000-06-30|4|350|1|11.99|
35|100988|2000-06-30|4|350|1|49.99|
21|100988|2000-06-30|4|350|1|899.99|
30|100988|2000-06-30|4|350|1|9.99|
116|100989|2000-06-30|4|350|1|11.99|
35|100989|2000-06-30|4|350|1|49.99|
147|100989|2000-06-30|4|350|1|7.99|
46|100989|2000-06-30|4|350|1|22.99|
21|100989|2000-06-30|4|350|1|899.99|
48|100989|2000-06-30|4|350|1|11.99|
26|100989|2000-06-30|4|350|1|149.99|
147|100990|2000-06-30|4|350|1|7.99|
30|100990|2000-06-30|4|350|1|9.99|
46|100990|2000-06-30|4|350|1|22.99|
26|100990|2000-06-30|4|350|1|149.99|
46|100991|2000-06-30|4|350|1|22.99|
26|100991|2000-06-30|4|350|1|149.99|
147|100992|2000-06-30|4|350|1|7.99|
21|100992|2000-06-30|4|350|1|899.99|
46|100992|2000-06-30|4|350|1|22.99|
30|100992|2000-06-30|4|350|1|9.99|
27|100993|2000-06-30|4|350|1|44.99|
40|100993|2000-06-30|4|350|1|44.99|
26|100993|2000-06-30|4|350|1|149.99|
128|100994|2000-06-30|4|350|1|27.99|
30|100994|2000-06-30|4|350|1|9.99|
26|100994|2000-06-30|4|350|1|149.99|
116|100995|2000-06-30|4|350|1|11.99|
147|100995|2000-06-30|4|350|1|7.99|
46|100995|2000-06-30|4|350|1|22.99|
21|100995|2000-06-30|4|350|1|899.99|
30|100995|2000-06-30|4|350|1|9.99|
30|100996|2000-06-30|4|350|1|9.99|
21|100997|2000-06-30|4|350|1|899.99|
30|100997|2000-06-30|4|350|1|9.99|
40|100998|2000-06-30|4|350|1|44.99|
116|100999|2000-06-30|4|350|1|11.99|
35|100999|2000-06-30|4|350|1|49.99|
26|100999|2000-06-30|4|350|1|149.99|
116|101000|2000-06-30|4|350|1|11.99|
27|101000|2000-06-30|4|350|1|44.99|
48|101000|2000-06-30|4|350|1|11.99|
15|100976|2000-06-30|4|350|1|999.99|
18|100978|2000-06-30|4|350|1|1299.99|
15|100755|2000-03-31|4|350|1|999.99|
18|100756|2000-03-31|4|350|1|1299.99|
